464
490
479
484
478
497
476
502
501
512
487
473
472
505
475
506
511
495
493
471
500
488
499
489
498
463
467
468
469
504
470
483
466
492
510
482
474
465
486
477
494
462
509
481
179
120
60
39
65
82
86
106
31
64
164
128
122
507
145
114
68
165
97
182
33
110
161
112
132
89
9
46
19
104
47
85
50
171
159
172
167
151
63
163
123
100
174
34
485
84
480
496
16
76
186
103
95
62
29
55
166
138
73
94
72
53
22
25
43
78
111
93
176
96
6
102
52
54
116
3
91
152
69
41
8
7
45
15
180
119
81
153
156
71
61
20
74
149
148
144
157
51
143
139
5
98
160
36
92
40
79
185
24
83
181
107
90
184
175
109
136
178
48
1
99
108
131
187
26
130
14
135
134
66
142
2
125
168
58
27
117
188
44
137
70
56
77
30
169
170
121
80
158
127
126
105
147
10
150
101
183
129
141
38
124
162
113
28
173
4
115
155
13
67
35
146
140
59
154
118
17
49
42
23
57
32
133
11
12
18