2048 4096 0
1303 1695 
1340 

1174 
309 1358 1811 
1331 1712 
871 979 1256 
739 1080 1103 
1418 1719 2011 
240 320 1422 
938 1780 
1196 
133 419 

1525 
1684 
172 357 496 514 1387 1446 1661 1799 
779 1130 1414 
730 1768 
1042 
755 1559 
794 1203 2016 

437 621 1698 2008 
728 
110 243 432 697 897 
269 389 858 
212 1721 
364 
1232 1713 
1699 1858 
237 590 689 1410 
1741 1802 
449 1179 1251 
193 220 359 430 
1406 1616 
1346 1954 
1183 1468 
364 1825 1873 
1429 
676 1306 1652 1931 
1289 1398 1643 1823 
554 626 
510 656 1607 1632 1728 1830 
1192 
1877 
748 879 1078 
243 841 
401 1131 1963 
205 
129 1102 1387 1660 1763 1848 1882 
48 1734 
27 97 949 1218 

99 561 1536 
1456 
1646 
203 2039 
556 585 1117 
724 1011 

74 170 
820 
1478 
20 798 
579 955 1439 1479 
1636 1985 
1243 1570 1741 1967 

447 
633 1090 1760 
711 973 


1498 
1639 
335 1114 1757 
1573 1948 
1590 
147 1343 1739 1978 
244 1656 
1078 

173 1815 
1188 1907 
72 
1140 1194 1544 
142 1498 
1391 
1553 1614 
260 1585 
1405 1758 
1111 1422 1846 1994 
1669 1981 
1966 
723 1117 1834 2037 

490 
655 1069 
1493 1835 
1312 
206 1056 1327 1529 
583 1237 1250 1329 1879 
112 390 
190 394 1513 
1056 
619 1400 1692 
161 587 645 1366 
270 872 
602 711 1017 


289 
252 544 1427 
1448 1601 1722 
575 1213 
6 135 1401 
384 789 
2019 

1040 1645 
290 499 1349 
2031 
1895 2009 
776 
192 1718 
230 639 893 1895 2009 
994 2043 
148 1369 
500 
4 
255 1218 1710 

754 1595 
323 1233 
130 1923 
376 1553 

272 757 835 1082 
1764 1836 
1970 
1937 

497 

1079 
1740 
965 1433 1591 1798 

2016 
224 
1262 
1284 1447 1626 
160 1777 

1142 
63 509 935 1720 
839 1283 
954 1461 
6 39 551 
365 549 1250 1592 
316 646 1043 1066 1764 
112 499 
849 1872 
41 92 
1142 1583 


313 917 
733 970 
1067 
112 1379 1945 
21 439 1065 
1032 
278 1121 1354 
1560 
1447 1996 
1992 
1728 
781 1007 
134 1066 1841 1963 
1912 


884 1741 
609 1243 1538 1634 
880 1932 

491 710 1510 
766 987 
430 761 1825 
705 1444 1472 1541 1842 
417 1926 
730 751 904 1860 
291 1899 
75 
1345 1659 
237 443 1157 1708 

101 
1311 1633 
859 
634 1243 1771 
1197 1497 1688 
518 1006 1191 
1079 1258 
260 1767 1902 
906 1477 
775 1601 
1930 
528 802 1700 
855 1724 
472 
362 959 
944 1110 1551 

1407 

447 1458 
236 2028 
434 1197 1822 2038 
1177 
391 682 
463 
510 
239 1233 1828 
1172 1553 1581 

461 1866 
523 

1357 
1156 1658 1935 1966 
1457 1760 
233 690 1532 1673 
1022 1312 
1421 1774 
179 356 
670 1031 
415 
675 791 1197 1217 
1345 1404 1693 
49 
153 
826 1936 
611 763 
1713 

814 1557 
1526 1810 
504 

222 299 1730 1761 1934 
580 895 1334 
356 968 
132 836 1102 
804 
717 
1316 1581 

638 911 942 1108 2015 
755 963 1340 1966 
368 
1166 
160 574 
1724 1848 
1644 1877 
902 1604 
430 1743 
224 761 1518 
43 520 

1908 
29 1455 1679 
1866 1991 
436 1759 
447 1200 1716 
1284 
172 
1340 1349 1422 1812 
510 880 1482 1905 
629 706 1522 1552 
1681 
1099 1251 1805 2022 
1000 1783 
697 1620 
1843 
75 375 1313 1538 1599 2013 
1831 1984 
719 1773 2008 
339 1168 
680 997 1358 1798 

1172 
215 310 
149 330 1683 1915 
532 1441 1572 1608 1869 
1525 

234 859 1016 1567 
502 848 1922 2001 
36 458 1963 
579 882 1377 
13 1447 1624 
1556 

1039 
43 442 1969 2048 
175 650 
123 290 1216 1597 
773 
674 1122 1599 1909 
408 1947 
1080 
644 1212 1696 1902 1937 
1066 
12 873 1098 
1405 
578 
774 1201 
888 1311 1337 
713 
568 1922 
958 1165 1717 
574 751 

1762 
213 1023 
926 1830 
671 955 
313 1548 
642 1469 2014 
105 265 774 995 1665 1751 
328 
139 478 649 
188 882 1148 1246 1879 

476 495 1142 
302 739 1193 1808 1974 
42 
355 
410 620 1539 1746 
1997 
1257 
849 1170 
1075 
796 1589 2015 
1075 1814 
864 
245 
252 393 
25 580 827 

482 1462 1828 
1942 

130 895 1346 1364 1734 
61 561 698 1073 1387 1932 

172 579 1665 

599 1571 
1190 2028 
67 1417 
23 506 1556 

707 1706 1794 2036 
281 1495 1759 

386 1713 
26 300 551 644 952 1021 
243 1171 
219 
1347 1501 1891 
196 1064 1647 
659 

106 168 
677 
1088 1484 1911 
79 140 365 
894 
1319 
668 1836 1893 
1007 1031 
1703 

39 1107 1513 1777 
896 1119 
83 1112 
694 1248 
1611 
515 956 1388 1709 1903 
298 386 814 
663 961 1421 1508 
305 423 
1179 1702 
1298 
172 835 1919 
829 1205 1618 
1697 
529 
1715 1900 
531 1323 1480 1982 
272 1570 
146 1137 1993 
564 715 2036 
203 

609 824 

544 1229 1844 
127 474 
485 2047 
511 1487 2040 
207 1259 
1684 
437 
277 834 1090 1129 
279 460 517 587 2020 
278 
401 464 1058 1339 
1219 
463 
412 839 1438 1596 

286 1116 1295 1304 2017 
499 
1869 
636 
970 
361 396 1614 1754 
287 861 1351 
349 822 1458 
72 295 938 1200 1758 
1196 
337 537 750 878 923 1629 
439 
1199 
876 1335 1691 
547 
1352 
32 
1880 
404 
1378 1564 
1494 
284 421 649 1131 1414 
90 967 1589 
258 1285 1586 1611 1714 
1794 
1501 1525 
869 919 955 1283 1838 1867 
2015 
315 869 
149 380 
9 86 1500 1952 
139 1531 1602 

48 684 
435 473 506 1122 1128 1759 1795 
1063 1516 
82 526 
138 183 1069 1326 
289 406 1879 
802 
503 733 
322 337 353 424 1712 
1984 
1072 



1476 1744 
731 
621 634 
768 2014 


531 887 
88 
1192 1199 
986 1590 1778 
514 782 884 
1947 
1084 
706 1167 1297 1496 1571 1577 1695 

386 1376 1568 1821 
197 1257 1405 1776 
16 397 701 
239 1263 1328 


1438 1617 
93 306 
758 2015 
1088 
515 1428 1477 2010 
163 1096 
384 1172 1273 1987 
1664 

1232 
1464 
1961 
900 1020 1027 1590 1753 1776 
1423 
794 1144 

986 1055 
750 1276 
657 1976 
343 1988 
318 471 838 1077 1501 
273 
334 1219 

591 
1426 
83 455 616 661 1765 1818 
1960 
672 832 1395 
285 574 1113 
194 715 958 1717 
593 742 1493 
205 774 
326 856 960 981 1068 
124 
103 452 740 
25 1641 1767 
1279 
174 663 822 

1185 1703 

135 805 
313 1394 1510 
982 1858 


417 
1153 1789 

1110 
1839 
55 
755 963 1765 
152 203 756 1145 1543 1778 
1343 1565 1779 
170 1125 1785 
2020 
966 
260 626 
213 217 256 1899 
1452 

1611 

1249 1691 
218 1131 1518 
1000 1159 1320 1990 
1252 1343 1538 
100 

15 
221 976 
757 1871 
737 1309 1773 
474 484 968 1135 
864 1408 

1100 1122 1227 
767 
1513 
95 439 1675 
1491 1981 

428 1718 1725 
384 1257 1632 
1641 
709 1247 1539 


170 
128 610 1242 
515 
1300 
544 1457 
719 1511 1683 
159 231 965 1478 
1216 1735 1830 
244 513 1611 
375 528 1942 
263 633 1330 1387 
1615 
73 462 1263 
1840 2014 
1324 
374 1901 

1994 
1584 
19 1571 

572 617 1339 1393 1515 1825 

198 681 1158 
163 685 
423 1244 1267 
759 1810 

1137 1800 
1099 
173 263 570 979 
340 
534 1070 1464 1708 
882 1994 
1431 
375 594 2033 
298 532 1486 
522 1013 1215 1817 
157 1019 1260 1887 
1448 1552 
1062 1143 1198 1199 1424 

588 673 773 1166 

1171 
1072 1161 1436 1924 
1621 
1435 
1649 1790 
94 678 1501 
1291 
641 1911 
840 
784 1653 1695 
730 901 1989 
341 
741 1237 1476 1496 
322 946 1706 1728 
1141 1181 1742 
222 1410 1603 

135 906 1807 
840 978 1743 1899 

1576 
1295 1757 
197 

675 1082 1243 1759 
1226 1684 1861 

739 936 
1157 
916 1034 1483 
574 1661 1779 
544 682 822 
388 726 937 1266 
855 
6 682 1907 


353 1377 1597 
100 579 1277 
214 297 1532 
737 1796 
89 494 1343 1851 
829 
21 1353 1675 

5 378 775 808 
1727 
1851 

1065 
1461 
616 1159 1381 
2 
627 
1637 1693 
22 1701 
324 1380 1450 
592 1121 
577 1228 1452 1510 
234 
784 1403 1487 1569 1791 1817 
1791 
845 896 


214 975 
189 929 1130 1189 

1402 
691 
273 1787 
79 388 


17 268 421 1749 1930 
112 754 
868 1016 1983 
1768 
1853 

1034 1991 
224 254 1145 
1028 1899 
564 

169 745 2017 
297 741 1381 
449 852 

1799 
115 199 737 1272 1978 
220 300 626 
909 2013 

1589 
1481 
14 694 724 882 
1635 
1609 
842 1971 
1797 
2011 
929 
1654 1748 1982 
1172 
1365 1986 
1717 
335 
320 554 
21 332 1280 1680 

96 442 
335 1372 
35 397 1214 1483 1571 
1020 
165 

313 342 
999 

70 373 

30 201 420 815 1997 
420 
1080 1127 
635 1419 
317 1190 
434 504 

521 708 1011 1808 
571 823 
708 1014 1358 1391 

838 987 1700 1943 


321 505 707 1077 1346 
66 450 
1892 
1061 1384 
463 1095 1910 
1308 1494 
994 1514 

856 1666 

490 1359 
1040 
277 397 808 906 1931 2010 2019 2044 
265 301 1210 1667 
282 293 411 1959 
901 
1401 
262 1144 1582 1716 1905 
17 779 
240 
1699 1984 
71 365 1008 1456 1878 
905 
1975 
275 
773 1293 
276 
358 1686 
516 
197 440 593 1134 
59 289 899 
490 

443 909 1712 1846 
411 1401 1675 
923 
122 263 270 1992 
139 303 1958 
574 734 
88 306 707 
89 293 1775 
804 1268 1806 

256 437 1707 1765 
678 1400 2030 
1700 1799 
1155 
515 
759 
1094 1715 1791 
531 623 635 688 1043 1802 1844 
1786 

875 1107 1129 1673 
1113 1137 1758 
752 2000 
463 742 
231 501 1406 
536 

887 1089 1627 
431 1158 1503 
993 1090 
435 

1439 1927 2014 
830 1987 


1245 
809 983 
375 1171 1269 1344 1815 
13 433 1748 1866 2008 
439 1927 
284 863 
84 657 
750 
14 109 
168 

56 1005 1395 
185 636 2036 
352 417 1760 
406 512 864 
370 558 953 1109 1249 1407 1851 
504 981 1076 1341 
619 655 862 2016 
741 756 
919 1787 1838 
371 929 1645 1741 
618 834 1610 
172 440 686 
1119 1264 1786 1964 
678 
1009 1610 
978 1042 
147 599 1365 
469 706 957 1562 

352 519 786 
459 752 


11 1173 

230 1295 1923 

1503 1734 
1048 
87 660 1244 

148 717 1611 

472 1553 
388 1133 
832 1028 1245 1689 1706 1950 
1260 1658 
847 929 1289 1415 
328 1878 
404 576 758 
1877 
1937 
1937 1960 
686 758 1453 2034 
1421 
1299 

426 651 929 1248 
1253 1591 
833 1446 1518 
130 967 


544 
495 959 1855 
99 1112 1943 
353 
867 986 
822 

442 848 
778 848 1615 2014 
339 935 
125 169 702 1938 
798 


285 813 915 
854 1551 
865 1216 
98 255 523 1545 
308 647 973 1189 
150 603 989 1172 1631 
94 805 
428 1830 
229 1094 1185 1841 
1005 
819 2024 
1938 
265 856 915 1199 1499 
61 346 
1276 1660 
418 672 
235 478 777 
93 274 1394 

1023 
42 1371 

119 789 953 1742 
646 1453 1491 1573 1737 
808 1785 
75 924 1465 1614 
628 782 1015 
1572 1586 
514 591 
1399 1632 
1303 1393 
1434 
418 438 1122 2001 
800 1140 
753 1084 1657 1766 

1228 
85 772 1921 2004 
231 369 917 
6 94 
659 1104 1415 1848 1871 

476 723 
317 
191 1033 1072 1653 1712 
971 994 
851 1987 
348 624 1333 1661 
973 1285 1424 1916 
887 
358 1379 1553 1566 1649 1660 
332 493 

209 245 678 757 793 1516 
77 130 1495 1889 
764 980 
2010 
20 102 492 1334 1839 1844 
843 910 1120 
432 

527 887 1859 

15 325 1353 
5 568 626 
542 1852 
1726 
2009 
570 992 1979 
486 834 1484 
1375 2035 
222 751 1137 1528 
35 117 1718 1807 1861 

216 
111 492 661 
900 

777 
644 1167 2043 
759 940 
795 
1303 
1617 
1962 
1981 
749 
526 605 


930 
776 1110 
1639 
1035 
814 
1399 1615 1705 1721 2036 
1882 
307 1368 


285 508 1302 1601 1986 

273 322 1144 

722 
1602 1900 
186 625 
213 544 687 705 1301 1912 
510 
233 
1864 
1872 
91 1325 1522 1640 
582 
722 834 
1247 1588 
701 1587 1854 
284 
1432 
255 
765 900 1271 1514 
1543 1695 1969 
70 687 1380 


406 571 981 1445 1735 


313 1185 

209 402 
89 188 1273 1437 1946 
735 1877 
415 417 1364 1375 2043 
1464 1764 
810 977 1139 
498 1217 
197 756 1250 
542 907 965 
1062 1575 1984 
171 225 
966 1563 1733 

115 469 
265 458 1862 
339 966 1901 

491 1584 

22 308 686 1203 1829 
63 1077 1279 
1230 
6 192 
577 1485 
174 1956 
978 1060 1822 
109 1578 1706 1870 
1023 
255 486 1208 
318 
754 1667 1899 
917 936 1309 


958 1360 

708 1069 1085 1508 1912 
981 1340 1986 
493 
537 712 992 
334 641 720 
1093 1173 
353 933 
780 1116 1362 
604 1578 
767 1411 1426 
367 785 1179 1662 
156 660 

32 249 1991 
322 656 1608 
356 884 911 
355 

544 1247 

99 1245 
1072 1514 1717 
482 
1146 
418 757 794 1629 
1985 
753 
86 182 

59 505 2037 

1612 
269 
430 1739 
1485 
1036 1038 1486 1608 1763 
564 1644 
1639 

288 
1583 
1828 
11 1170 1620 
377 445 618 748 1191 1243 1307 1439 1498 1554 
232 1949 
778 848 1354 
123 406 551 
386 1378 


1283 

811 938 1144 1614 1986 
1408 1728 1999 2010 
772 
344 1716 1785 1833 1925 
675 
149 
1038 2034 
113 
1461 1779 1913 
36 1221 1589 
519 
352 
288 899 1610 
566 1861 
1297 1873 
500 
1418 
753 2006 
1239 1253 1395 
1131 1831 
503 1107 1485 
692 1085 1943 
310 671 1419 1690 
144 295 296 1339 1947 
60 288 1284 1722 
210 1522 
1163 
1565 
1413 
43 244 383 
381 1350 1598 
1303 1839 
300 1267 1686 1991 
41 978 1908 1973 
374 545 587 804 
529 860 1316 
349 510 1249 1650 
248 674 
384 1473 1941 
1459 1565 
1151 1998 

1387 
252 
1887 
145 922 1876 
742 940 1469 
428 723 1230 1397 1554 1880 

1129 
5 77 1024 1302 1835 
1295 1671 1673 
289 
1415 1713 
1689 
667 729 1392 


847 1135 1704 
400 854 1316 1598 


400 1060 1429 
801 1190 
128 609 1082 1470 
40 1035 1108 

575 
280 1879 
1305 

94 1974 2010 
115 1012 1254 
474 839 1773 1971 
83 
957 1838 1853 

169 1631 1759 

42 1751 
2011 
1598 
956 1557 
736 1261 1838 1851 2013 
901 915 
639 1010 
738 1154 
921 
1365 
85 534 
521 
457 834 1317 
1198 1363 
1707 
1736 

182 1441 2016 
665 1334 1946 

644 694 1698 
109 1037 1580 
19 848 1867 

494 1002 1245 
1958 
102 1558 1948 
247 333 540 866 1000 1125 1354 
758 874 1050 1308 
225 690 
247 1558 

1284 1802 
563 1547 1973 
910 1474 1824 
1938 



161 
995 
382 1535 
309 422 634 1860 
162 997 1325 
690 1006 
1076 1423 1507 1702 1801 
458 1218 1298 
375 
1227 
1015 1215 1740 

615 1299 1711 
188 215 395 700 

290 365 
1700 
612 710 1914 
323 1182 
997 
418 621 1087 
1962 2001 2047 
782 
108 1672 1776 1966 

510 
223 1769 

1013 
501 1968 
1177 
1231 
1671 2018 
1088 1466 
318 1515 
72 1809 
79 1297 1840 
725 1923 
899 
276 720 1073 
1898 
1919 
1170 1873 
240 369 570 
198 481 840 1266 1280 1928 
639 1312 1725 
732 
846 1425 
1752 
1063 
1493 1692 
1031 1475 1739 2036 

646 1422 1978 

1683 1693 1747 
102 451 560 1618 1619 1797 
414 
446 871 
409 1379 1559 1977 
531 641 1243 
1468 1710 
752 1582 
34 390 1707 
1575 
160 376 1383 1622 
207 693 
715 1000 1971 
927 
119 663 976 
751 
1297 1979 
1103 1344 1739 
521 1649 
468 1740 
1215 
261 

425 

744 1554 

250 1620 1658 1974 
1153 1628 
1101 2031 
1130 
755 1493 1749 1853 

202 1907 
1313 
483 1646 
926 
1515 
838 1809 
1718 1884 

76 190 471 1061 1609 1632 
204 374 443 
516 1452 
728 1817 
1229 1902 
213 467 781 1208 1327 1376 
824 1348 
444 
231 1052 1071 1205 
232 556 590 1534 1748 
24 145 979 
56 340 
984 
1073 1631 2040 

229 414 1148 1466 1910 
942 
1501 1540 1807 
333 2009 2048 
430 
76 85 464 1354 
262 509 

135 
435 
254 458 761 928 1113 1864 
824 840 1952 
909 1121 1221 1549 

989 
358 1357 
980 2007 
29 353 667 1351 1935 
132 247 721 
421 1199 
1689 1758 
351 442 712 
17 588 

890 1330 1829 
694 
1513 
221 640 
1579 1653 
1153 1185 

375 1736 
1704 
375 630 784 1415 
18 1201 1806 1910 
1591 
784 1294 
858 1030 
1887 
1655 
1553 

497 
305 538 714 987 1778 

1787 
503 1014 

1267 1768 
1042 1447 1610 
800 
371 1275 
794 951 

258 716 779 1387 1944 

380 607 1207 1474 1991 
814 1079 1221 
227 256 1401 

1641 1816 
627 1200 
168 441 1350 
633 1512 1872 
1983 
123 649 896 
136 

58 774 
649 689 

1440 
9 443 447 484 731 1081 
1150 1520 1747 
417 946 1586 
339 830 1401 
458 1690 
663 
468 
144 1190 
183 508 1274 1551 
495 1843 
110 1344 
1176 1604 
120 242 907 1025 1225 1910 

63 1508 
733 

1739 

340 
302 771 986 1044 1119 
1690 
991 1725 
1765 
1415 

701 896 994 1909 

1109 1289 1968 
71 269 1423 

312 1270 1944 
803 
34 523 1758 
522 622 704 1308 1522 
1822 1863 
1092 1451 
927 1212 1890 

725 829 

131 

173 1048 
261 
656 960 1083 1926 
595 
1525 
1575 2001 2003 

1497 1678 
1980 
451 1140 1496 
1368 1860 
675 807 
307 450 1342 1621 1769 
1762 1836 
1441 
424 
444 744 1838 
864 
179 590 
577 861 1778 1874 
508 995 
241 
947 1827 
174 944 1054 1682 
334 1920 2047 
817 1837 1884 1958 
164 1305 
537 2018 
1847 


1392 1639 

531 1950 
294 
67 1224 

570 1143 1375 
373 746 1101 
541 814 
721 1312 
1881 
68 1027 

435 865 

521 
584 1386 1759 
109 155 644 731 
1953 

720 1074 2024 
197 199 
1728 1835 
196 1269 1775 
19 958 1518 
269 828 1097 
1183 1214 1272 
20 54 107 1263 
262 451 1986 
130 662 
459 1762 1817 
1080 
172 1178 
114 1683 
461 
278 339 567 917 1171 
422 1340 
484 572 1122 2005 

338 472 495 666 
450 

290 922 1908 
1024 1403 1434 1871 2028 
581 631 
292 1745 
390 
263 1161 1562 1626 
1126 


413 1045 
76 
1443 1514 1817 
483 687 902 1204 1874 

833 
2048 
1120 1816 
202 432 661 799 

1214 
577 1256 
796 
1041 
245 1148 1713 1876 2004 
73 774 
495 
226 985 1191 
593 1110 
973 
1406 
1263 1392 
1770 

1364 1782 
938 1135 
273 474 500 
355 376 595 1248 
1001 

1615 
1262 1310 1793 
130 

1181 1378 
634 2028 
377 587 701 1569 

720 1793 
249 1142 1248 2022 2024 
119 543 1063 

1337 
210 
702 1084 

468 956 1652 
208 291 
998 
1069 
313 1205 
923 1112 
32 416 779 1982 2029 

338 1208 1607 
105 516 600 822 
83 723 1951 
66 693 1231 
59 
1046 1636 2021 
668 1275 
251 917 980 1829 
774 
30 1005 1288 1524 
426 1580 
901 1835 
36 

57 164 
438 490 905 1181 
1562 
1192 1250 1713 
1714 
666 

457 753 851 1538 1969 
558 591 1361 1605 

93 
1622 
928 1361 
510 557 920 1172 1523 1602 
55 487 1282 1589 
1146 

82 254 641 739 1960 
1299 1471 
1828 
113 
867 1363 1559 1990 


574 1096 1119 
363 674 847 858 1176 
1156 

319 434 

1192 1633 1833 
1752 
557 693 
403 947 1875 1915 
840 1515 1953 
839 864 999 1314 
650 1672 
2005 
708 1169 1719 
111 329 736 1152 1713 
196 476 

550 
299 1306 1364 
1022 1133 1390 1955 
1069 
1472 
823 
510 
446 985 
2 1050 
964 
6 613 628 640 
56 767 1775 
69 164 871 1904 
263 415 791 
1424 1507 
47 413 1495 
1696 1848 
868 
323 974 
606 
1861 

225 465 1698 
165 366 
554 1421 1438 
842 1296 
144 1072 
1454 

1646 
397 592 
1140 
1626 
667 878 1427 

538 703 
1159 1208 
483 553 1019 1973 

1389 
202 1780 
497 1265 1872 
1430 
262 524 2044 

539 1368 

690 1676 
1309 1871 
24 1138 
200 337 1417 
15 1111 2038 

1967 
997 1967 
1956 
794 1480 
207 404 1614 1903 
1159 1658 
141 462 1361 1647 
85 
1273 1469 

183 1826 
940 

581 1407 1408 1550 

213 1185 
1730 
507 560 1264 
794 
568 1167 
130 
361 907 1141 2015 



1619 
1 1836 
799 1406 1445 
503 1547 
1011 1444 


1719 
30 522 1078 1362 
340 851 1726 
331 1257 


61 1321 1793 
624 
651 1481 
704 863 1500 
453 1756 

182 


231 633 1600 
948 1032 
1208 1400 2013 
145 511 1080 
197 297 
251 1531 1749 
1638 
1046 1160 1386 1421 
1657 

755 988 
1236 1342 1731 
1063 
225 642 1179 1833 1996 
499 731 
1575 1675 1747 
629 716 1521 
209 1342 1532 1941 2008 2041 
300 1613 
39 851 
1814 
302 988 1286 1295 1526 

1872 
621 1281 
724 2022 
742 1014 1503 
131 
837 1061 1112 
1203 1774 


405 854 1077 1147 
1081 1356 
310 639 
982 
1594 
286 508 

605 1528 
536 
1653 1832 
792 1211 1377 
166 1663 2006 

1548 
368 1449 1538 

269 316 
494 1446 1808 
584 587 854 
559 646 
1335 1824 
216 1664 
1551 1992 
183 1221 1611 1751 
486 
1883 
987 

366 492 2019 
765 

548 

1199 1444 1512 
216 

64 88 192 1204 1643 
33 153 1005 1475 


1243 1642 
398 818 1547 1970 
338 784 1669 

1285 1868 
1965 
1308 1395 

181 1453 

348 1343 1362 1524 

356 771 1352 1980 

1428 

1085 1671 
1727 
223 1776 
62 844 
193 
1290 1766 1878 
887 1366 1768 1852 
290 
1216 1352 
24 1331 1680 
363 1053 
720 
213 
1458 1539 
444 
135 1347 1494 
160 
242 
274 722 1359 1932 
1099 1192 
547 645 682 1982 

815 876 1099 
982 1156 1554 
549 1033 
24 849 1526 

1972 
947 1935 

177 1524 

911 1639 
819 
1664 
530 
304 1212 
1267 
943 1530 
580 
22 408 1056 1700 1912 
1205 1359 
1252 1416 

196 2005 

415 596 991 1597 
1731 
937 1697 
1092 1135 
450 662 1285 
422 617 705 1981 
303 
517 1865 
402 
245 954 


1285 
807 
1230 
17 682 1067 

716 1251 
1345 1508 
340 363 603 1280 
1203 
62 1009 

1352 1847 
461 791 919 
1212 
614 
751 
687 1341 
140 1021 
111 1641 
235 1334 1953 
1472 

412 478 1477 
583 760 

759 
499 1939 
845 935 1888 
1903 
1450 
530 1170 1802 2007 
1214 1942 
503 693 962 1317 1466 
298 352 690 1084 1273 

1793 

1763 
1156 1207 
291 615 1470 2040 
1520 
1426 
1200 1547 1729 1843 
1867 
592 

235 275 725 1679 
281 331 608 683 1676 

1722 
451 
1667 1795 

1197 1834 
722 1851 
448 513 617 1914 
1856 

254 
127 650 
1914 
350 431 651 752 
1843 
1475 1920 

353 446 571 1192 1347 
1302 1480 1670 
101 332 333 1694 1833 
601 705 1005 1184 

195 1605 
141 230 1625 
492 1150 1673 
932 
132 1586 
1874 
728 849 896 1973 

581 1013 
277 293 
742 
1875 1968 
415 587 1158 1357 1538 
1412 
416 
313 970 1858 2042 
827 1172 1378 
1386 

300 1017 1195 
910 
660 1627 
614 855 1458 
284 330 680 971 
1026 1256 

1239 
126 
1160 1491 
1324 
288 406 453 1767 
490 
96 474 

1541 1739 
290 
419 1008 1405 
1171 
390 1262 
1825 
869 1003 1445 
115 632 
1293 
893 
263 917 
1055 1176 1462 1848 1961 
93 882 1901 
2013 
1628 1673 



46 923 1012 1263 1936 
447 907 

1346 
317 1049 
1266 2046 
1860 
97 
477 504 
1338 1696 
1162 

1174 
1351 
740 
