1024 3480 0

1 
1 2 559 1010 
1 3 
1 2 4 96 535 
1 5 552 
1 6 
1 2 968 
1 6 
1 3 5 
1 39 
1 3 5 
1 2 4 
1 9 11 622 
1 7 11 
2 12 14 385 
1 547 
3 5 623 
2 8 11 
1 5 13 244 
1 4 8 
1 13 
1 9 18 
4 13 
12 13 20 
1 11 799 
1 9 
1 8 13 859 
1 11 14 701 937 
1 4 14 
4 6 25 
9 11 25 528 
1 13 32 604 
2 6 8 
2 5 8 
18 26 32 440 484 557 
1 28 32 
14 18 36 
1 5 35 
1 2 4 174 190 339 
8 12 21 
2 11 36 532 
18 21 33 
14 17 34 
13 18 21 
1 4 
4 22 32 98 
6 11 13 
9 27 40 
1 9 20 
9 39 45 826 1003 
1 9 15 
2 13 18 97 207 985 
1 3 
3 25 26 
18 48 54 
26 33 35 226 
34 48 51 
5 8 26 675 
13 16 41 
1 40 42 642 
17 35 
34 36 54 
1 28 56 
1 2 32 
28 32 48 
13 47 62 
2 14 30 
1 18 31 
8 18 33 
1 24 51 
1 21 40 232 
11 18 44 
1 4 32 
11 14 22 
1 25 
57 60 61 
2 14 36 521 658 
14 59 70 
25 38 77 
1 32 37 
23 32 70 
1 13 36 1005 
1 9 73 399 
1 6 14 
1 18 37 
52 76 81 
6 18 22 
1 11 25 670 883 
68 75 81 
2 67 80 
13 53 66 
11 35 73 
2 33 49 
1 17 48 989 
38 45 52 335 838 
13 14 32 
7 14 36 
1 5 70 746 
1 14 37 
1 31 50 
31 71 82 
4 29 512 
30 35 45 
1 8 89 260 480 
1 45 
15 23 31 190 680 922 
1 55 
18 23 91 
32 78 
23 30 48 
1 18 76 
3 14 52 
11 62 78 
2 20 32 886 
1 10 115 
1 24 65 
8 82 89 114 770 
1 14 68 911 
12 54 119 678 
5 71 81 
1 13 90 
21 30 122 413 
1 50 81 
25 81 110 
25 36 48 322 542 949 
40 75 76 
4 45 48 996 
1 20 72 
1 34 700 
16 23 50 956 
10 60 96 
1 9 96 
4 40 53 390 599 
18 31 57 512 521 571 771 
41 83 107 573 
7 11 14 
1 71 96 
2 41 92 
12 78 82 731 
39 106 109 662 965 
9 39 55 897 
1 70 135 
1 23 67 
25 64 
18 74 131 246 
11 18 40 203 
1 35 74 
1 40 89 
6 20 90 781 962 
5 10 74 600 
38 83 148 
1 8 
128 144 148 983 
14 77 92 
1 19 38 
1 20 21 422 
17 127 149 
51 119 141 
95 101 127 
2 4 117 
11 65 134 
13 36 48 991 
18 111 135 866 945 
20 40 86 1022 
20 110 129 
5 22 54 
13 52 79 
1 103 117 
2 4 78 
32 147 167 
55 60 107 
4 95 138 
26 29 159 461 
6 78 87 443 
14 42 102 
1 33 99 452 
91 113 174 
1 78 135 
4 18 61 718 813 
32 37 174 
3 11 14 
77 139 157 
1 103 
18 28 62 349 
2 82 90 
48 65 91 769 
17 38 171 
66 82 185 
18 33 148 154 
4 5 39 
40 42 159 
14 90 175 
19 51 144 800 
4 11 193 
4 32 194 
1 4 145 153 288 
32 36 74 
40 105 157 
14 117 136 167 473 
9 107 199 694 
11 28 163 553 
40 49 199 
6 38 62 391 
66 67 114 177 780 
39 132 163 
1 129 153 
11 133 175 
1 13 53 
3 162 174 
1 137 179 
91 183 197 
8 20 24 649 
5 37 59 660 
61 79 80 
4 20 48 524 874 
51 54 113 548 
25 48 149 371 
103 148 162 860 
1 4 974 
14 36 167 
1 31 196 
96 103 107 237 
30 98 132 612 
122 153 211 
82 205 214 703 
1 20 83 152 
1 33 98 
38 89 218 
76 84 158 710 
2 33 139 258 
36 40 51 
89 128 135 
1 31 68 
3 5 24 
1 32 215 
7 29 135 
54 190 201 
3 13 103 422 
7 14 138 
34 91 151 
1 102 200 
36 73 169 
1 57 
50 91 93 
1 56 143 737 
149 177 195 
35 209 229 
60 68 198 969 
18 194 235 
14 31 40 964 
35 76 207 
104 197 251 492 
68 78 127 
1 70 
58 136 165 191 
14 96 205 
24 58 187 
92 102 197 
200 203 216 
10 102 104 229 
38 45 141 
26 31 108 
58 115 137 195 
10 149 234 
36 102 201 
49 85 89 144 745 925 951 
1 5 96 575 
24 93 143 
18 21 167 648 
30 37 227 
1 37 125 
14 21 64 
77 96 127 
23 119 156 905 
2 4 5 387 
21 25 52 
213 221 251 797 
2 4 107 449 
16 47 185 
1 128 254 
40 52 102 
78 122 431 
6 182 217 
4 103 125 149 
11 154 269 
32 83 144 629 
110 122 208 350 584 
55 83 111 
102 109 138 
1 26 268 
11 78 175 
11 123 167 864 
28 32 226 
15 102 261 
27 103 160 
5 14 139 967 
8 45 150 387 922 
1 5 175 
167 206 226 896 
26 64 153 
1 10 174 
30 41 91 
15 34 90 678 
39 237 283 
30 53 80 
18 40 98 409 
1 49 77 393 
92 173 182 801 
86 90 143 189 
34 193 212 931 
1 2 135 
54 144 258 
11 18 310 
5 37 65 852 
41 141 190 
29 32 
102 283 294 591 
1 243 252 
1 26 36 
18 25 110 685 
32 96 155 
14 32 104 
76 145 188 
37 38 89 
63 87 155 
11 157 224 356 
1 18 78 
13 45 293 502 
6 11 15 
6 10 30 324 
1 9 50 761 
60 167 204 
64 142 177 
11 32 65 
14 70 81 
6 36 78 
14 108 128 589 
11 35 76 973 1020 
29 70 203 809 
10 151 312 
7 37 124 906 
1 18 108 
30 36 40 146 994 
1 23 280 
96 193 285 
72 82 338 
14 79 100 
18 177 215 473 
14 220 321 
25 36 236 543 699 
2 151 241 602 775 
23 46 321 
8 220 283 833 
25 78 296 
21 119 243 
10 33 68 
2 92 166 
52 73 309 500 711 
1 127 338 1014 
3 5 128 471 521 
70 87 
23 68 133 965 
17 24 125 
32 41 73 
80 313 322 896 
23 71 799 
12 80 177 
25 39 49 723 
1 90 368 
13 68 105 
50 104 146 836 
2 103 149 
1 2 26 220 735 
50 93 228 892 
41 260 319 663 
2 11 135 
45 141 203 
75 110 146 
33 270 290 331 389 
133 224 329 718 
36 174 188 
15 30 275 
1 54 278 
1 89 246 710 
1 80 347 
22 166 309 
32 64 117 
63 204 364 777 
70 229 237 
2 223 255 
64 167 304 338 
24 127 190 
77 285 331 652 
141 167 304 374 
4 19 127 
30 183 321 1014 
11 43 110 231 
2 54 175 863 
32 123 172 
14 64 237 
30 36 62 869 
1 189 293 620 
183 223 402 
1 39 164 377 
82 194 314 
23 215 268 
159 232 341 
1 18 228 
37 206 244 310 
73 169 329 
14 76 284 
6 16 401 
1 48 702 
32 83 127 
1 149 414 
224 287 341 
37 264 269 
234 319 409 
90 283 329 
4 314 342 473 
2 139 150 
20 191 396 
1 138 296 
4 31 50 
140 197 249 
6 119 401 
9 237 378 400 
21 221 336 
5 40 145 
49 263 314 856 
90 125 194 
69 73 281 1004 
13 101 204 
1 54 283 
1 34 203 324 511 
1 6 77 
14 32 218 724 
1 9 160 
42 275 410 984 
155 232 340 
1 27 144 
241 305 374 375 
29 71 199 
1 27 32 
4 96 142 908 
2 46 338 
36 89 284 
8 105 279 
40 261 430 
29 73 76 
1 109 329 435 943 
13 119 226 
1 77 102 
1 31 69 
15 58 111 407 
24 81 218 
12 110 198 
349 418 423 
21 158 364 981 
140 214 344 849 
6 14 34 
54 68 208 317 
48 153 285 582 686 
4 135 440 452 979 
237 271 341 
18 191 402 
20 75 318 
22 125 329 
18 40 360 
34 253 316 951 
27 89 159 
104 343 362 
13 21 169 712 
2 34 48 
372 408 465 
1 40 287 
16 31 206 
5 135 416 
13 319 358 893 
317 338 432 850 
95 105 361 1006 
3 83 397 658 
36 52 349 
1 199 736 745 
9 92 332 848 
6 69 291 
212 319 446 
287 307 440 477 
25 222 261 314 641 
35 64 108 
25 138 357 
1 249 273 
17 202 259 533 
20 56 149 
101 117 446 
21 153 275 
13 72 290 
23 116 321 
41 177 393 446 
13 393 395 547 
1 4 173 
13 149 252 
1 16 342 
1 21 89 
25 126 467 
291 329 385 
28 32 469 857 
1 142 428 511 
10 93 386 
168 235 391 583 
2 272 478 
1 62 192 
21 107 228 
63 74 237 514 
128 200 313 
18 30 497 
23 224 287 
24 259 313 463 
37 108 171 
38 233 386 
68 227 435 901 
7 151 426 734 
142 146 468 
64 204 512 
48 49 180 
32 193 493 895 
11 137 298 
8 25 76 
83 161 329 924 
98 135 311 
98 390 436 
140 471 528 
22 23 361 
5 28 364 
6 41 446 
20 455 490 
53 461 498 
1 4 171 
216 268 521 
35 257 483 
31 99 427 902 
122 283 290 
40 101 269 
98 233 311 
1 303 522 
81 87 305 
21 178 510 
61 135 251 
15 64 251 
1 82 375 604 
29 77 290 
13 299 364 
1 42 64 
11 308 542 
31 38 358 
2 232 431 
179 202 260 
82 89 231 997 
27 255 301 529 690 
24 83 175 
17 31 232 
178 487 498 665 
4 5 8 
29 159 197 
252 458 541 
7 16 245 295 
32 70 99 
48 269 355 
234 351 481 
13 260 355 
86 285 437 772 1021 
285 361 569 
25 41 256 272 
156 241 279 581 
7 57 344 
1 17 20 
128 231 410 
115 526 539 
18 294 339 
18 471 543 
49 101 454 861 
165 235 278 
3 106 157 586 
2 49 220 
1 133 
75 78 90 
2 18 185 
343 546 549 
6 50 104 822 
4 8 212 
1 167 
79 386 510 1006 
57 334 364 
50 146 183 
62 69 103 
5 32 498 
64 158 566 
48 72 299 
32 298 522 1015 
27 182 218 
1 434 478 827 935 
117 286 287 703 
31 153 507 
38 103 197 
3 37 522 
1 21 456 
1 8 47 
20 32 451 460 
193 230 370 860 
169 352 457 694 
18 199 525 
65 542 557 896 
17 404 597 
40 327 344 651 736 
1 201 424 518 
104 116 500 
31 74 215 
26 53 385 790 
79 460 553 
18 37 153 511 
18 111 215 
1 140 520 
82 281 516 593 
11 71 156 
7 359 423 
147 192 400 907 
1 137 594 
1 103 313 
3 18 214 523 
300 391 614 
1 86 532 
8 13 457 661 
21 498 546 
13 101 391 493 
197 470 609 
28 76 329 381 
11 14 433 
5 88 200 503 
177 418 497 579 
56 78 259 561 
110 237 243 
11 26 407 
362 435 553 
20 119 501 636 
136 317 322 547 904 
1 39 167 
3 117 122 611 
1 13 364 
135 200 577 
70 200 592 
102 103 210 
98 444 448 
5 251 405 
1 20 172 
1 51 144 
13 25 289 
32 101 521 
23 29 105 
192 313 504 
255 293 329 
91 150 
16 278 418 
422 511 540 
161 204 496 
18 410 513 734 
62 219 437 
284 368 400 
89 285 571 
37 76 656 678 811 
1 510 552 
34 216 511 681 
36 239 531 890 
42 197 512 619 
10 71 255 
204 284 405 
17 18 509 
7 13 509 
2 53 636 
123 239 253 406 473 871 
63 225 284 468 
75 237 475 
5 266 625 
21 74 253 
16 432 525 
10 31 553 
20 122 159 
9 65 317 
86 201 245 577 
2 73 432 
1 51 327 408 535 
96 101 578 896 
37 348 684 
8 441 539 
1 275 622 
8 21 106 
10 126 327 422 797 
294 358 403 695 
119 252 598 661 
111 195 624 
113 233 434 760 
167 392 474 628 
23 83 217 
1 413 506 
29 332 598 
119 126 361 
1 329 356 
27 208 251 
1 219 517 
200 301 340 
1 275 317 
32 344 595 831 
15 40 89 
83 285 290 
38 495 538 772 
1 10 459 
319 451 457 
1 126 366 
34 37 690 
234 355 677 
119 370 555 
7 204 497 861 
17 34 619 913 
18 209 503 737 
1 49 102 
23 66 68 
24 148 431 685 779 
2 129 712 1024 
182 217 296 723 993 
96 117 251 703 
54 161 531 821 
1 40 577 
75 102 122 
267 314 730 
5 6 39 
83 154 261 
146 183 364 836 
2 122 123 284 
120 127 364 608 
13 461 540 915 
14 49 524 1005 
418 580 601 
55 212 553 
35 153 230 
98 144 176 
28 292 505 
122 478 660 
74 101 721 777 935 
2 314 616 
80 185 550 737 
73 87 422 
25 77 162 465 
4 36 237 
30 222 724 
2 163 180 
106 200 444 883 
11 275 719 980 
225 239 338 436 984 
1 23 370 635 
18 45 282 
245 657 675 
434 439 529 659 
146 451 500 
40 52 68 997 
34 38 99 
14 56 702 
13 531 757 
11 85 311 568 
2 64 84 666 772 
4 7 220 818 894 1006 
18 73 175 
32 43 242 
12 38 228 895 
38 213 382 
125 206 643 1001 
11 162 598 744 
25 32 767 
339 468 579 725 765 
70 79 198 929 
27 350 479 
8 451 658 997 
65 135 457 
4 110 756 
113 373 582 
1 308 333 
358 405 487 894 
1 167 386 
10 76 447 752 
41 212 429 437 880 
95 162 558 1006 
2 12 573 651 728 
253 332 379 572 
1 14 34 412 
165 461 570 
40 102 179 
1 418 496 
3 20 581 818 
298 510 523 633 
49 199 490 
53 81 519 
1 11 206 1023 
35 350 370 
17 198 588 
57 61 89 737 
367 427 451 662 
16 52 345 
123 232 238 
155 392 746 
7 314 439 
13 102 220 243 
5 226 403 
14 41 670 726 738 951 
102 176 361 
7 8 38 722 
49 279 310 
29 209 703 771 1015 
88 92 164 
11 14 378 
1 237 390 395 
8 15 383 566 681 
2 86 355 
166 453 522 650 
64 111 513 
110 167 452 
1 167 421 
226 236 466 834 
2 356 708 
139 406 449 537 
40 156 602 
19 63 67 
79 166 703 
1 102 616 
220 543 819 
66 450 531 
95 117 596 620 894 
58 185 630 731 
30 219 680 
32 78 673 
221 329 445 
232 623 640 
1 105 468 
363 472 596 
281 366 665 707 
429 753 793 
135 612 812 
5 39 677 
21 313 658 
13 89 501 756 
575 738 832 
4 11 658 742 
4 68 138 
50 190 308 
77 400 617 
34 609 688 
158 751 764 
18 229 381 
50 321 460 
214 222 812 
20 104 800 
19 225 254 355 
39 589 635 772 
128 358 815 
68 104 118 
94 211 557 
13 91 434 
159 177 613 
12 23 62 
32 144 229 922 
153 255 530 649 
14 260 391 539 
62 439 737 866 
21 639 771 
153 198 288 740 
115 395 412 556 698 1001 
16 40 224 
287 310 474 
31 274 357 498 1024 
34 115 791 
144 194 386 
81 194 546 
75 122 605 
110 438 730 
8 80 406 1005 
32 75 592 710 
1 146 208 
77 92 314 421 
53 169 323 
268 709 774 
212 263 333 
287 334 764 887 
1 320 339 
62 144 888 
73 81 812 
26 32 383 509 893 
141 362 673 
63 332 480 892 
206 470 788 801 
25 314 548 
101 549 738 786 
178 348 702 
1 42 107 
18 130 889 
13 362 579 820 
1 26 318 
41 403 869 
32 189 827 
418 674 704 888 
10 40 91 397 
85 254 612 708 
90 341 515 
14 18 26 616 
18 56 340 
233 333 717 
4 40 754 
78 329 513 979 994 
45 594 868 949 
87 454 845 
1 370 696 
181 208 688 
5 55 134 851 925 
104 505 590 650 984 
328 434 629 1006 
220 232 620 848 
99 237 285 
61 194 600 
16 48 130 
224 272 553 925 
194 327 431 
10 336 851 
185 305 885 
94 460 513 
197 359 478 
5 114 819 
2 183 381 
229 446 537 
180 429 511 
438 539 571 
89 235 509 
122 361 858 
1 2 855 
14 21 513 846 
12 364 619 793 
66 263 475 854 
4 75 830 
29 96 228 
84 139 327 
38 321 430 601 1023 
333 438 759 
41 156 170 364 832 
5 64 341 528 
546 606 719 
3 161 439 
120 788 841 
165 261 939 
1 28 33 
13 674 
112 486 522 558 621 
13 15 609 
77 194 538 
327 329 468 
1 344 739 
115 291 647 893 
67 242 609 
79 404 931 942 
2 7 13 
347 507 778 
5 250 588 
14 238 407 
77 249 774 
1 121 386 610 
18 45 267 961 
418 469 552 
97 406 447 781 
2 45 873 
2 202 366 
51 128 690 
171 456 874 
235 243 926 
101 284 290 
19 406 943 
66 404 447 
1 2 40 
11 15 311 650 
11 18 223 893 
28 167 456 
297 333 978 
260 319 661 
89 285 434 
261 745 755 782 
198 575 971 
23 229 577 
267 421 559 885 
3 6 65 652 798 
238 481 662 907 
103 192 510 
654 753 767 
1 21 537 825 
1 109 658 
73 269 950 
18 21 343 
113 179 928 
212 328 341 367 
21 347 840 
319 478 916 
28 225 841 
1 109 402 
14 180 434 
40 96 494 619 912 
187 772 776 865 
1 87 302 481 
51 495 784 1014 
2 216 443 
274 275 508 
52 275 516 552 
1 593 917 
187 199 553 647 
351 370 831 834 
74 450 653 894 
91 280 342 528 709 856 
14 678 869 
5 243 869 
1 372 429 
24 451 966 
65 182 271 453 
