843 3995 0
58 655 559 
284 116 772 641 556 289 721 
223 82 314 338 656 
90 390 222 582 325 400 495 
132 83 89 147 
180 203 408 161 383 652 
370 22 517 5 217 
516 507 746 683 135 
386 841 178 
632 13 
518 685 714 226 351 233 335 
522 655 837 589 446 
403 739 216 264 
651 44 473 88 370 205 
88 796 251 105 
290 329 
137 522 396 727 143 799 
554 86 111 474 
390 30 543 93 
777 672 316 317 718 299 772 294 
68 62 494 
516 474 349 
522 236 123 644 453 742 806 
172 230 60 264 
403 231 277 80 133 466 
486 273 657 199 537 344 504 
58 779 400 683 100 272 
290 1 797 
632 710 291 274 
405 550 
671 577 
415 304 
638 535 153 774 79 582 62 
527 170 422 665 559 
383 419 232 
671 823 767 553 
450 383 358 35 191 
568 278 736 495 488 
88 424 476 41 401 
88 425 466 455 160 
132 303 336 553 119 
137 721 
125 332 432 42 
368 651 684 150 14 206 
648 647 718 430 439 683 432 357 
383 424 97 498 
513 829 142 322 392 
816 302 
339 310 487 340 743 
742 41 584 
734 447 593 317 180 52 
132 649 
233 22 452 194 540 
121 659 270 240 693 
544 377 208 5 363 
758 174 202 
706 697 660 754 
9 393 748 
9 639 530 435 650 319 375 
383 629 
273 633 824 
405 294 
469 237 439 88 155 
742 529 135 357 836 
773 473 670 169 468 
172 81 108 157 137 522 695 160 
58 810 428 429 92 
61 583 727 716 712 258 
68 712 510 469 36 
697 592 
395 592 48 
423 554 398 204 545 
802 513 180 165 6 679 
151 786 818 813 133 380 
153 111 
197 171 281 269 173 
667 176 800 240 678 
524 669 708 679 367 
153 152 125 655 
522 798 786 618 421 
172 108 157 613 289 159 
817 52 489 
561 287 
606 542 196 
354 732 132 146 580 368 551 
125 434 
391 583 637 773 25 446 
386 839 805 139 
522 528 533 540 
326 385 354 719 316 440 
671 388 284 362 212 345 589 
520 67 429 200 755 193 
9 64 89 703 550 
519 17 437 403 575 664 
396 601 451 488 
396 410 251 336 
290 529 320 333 826 
556 670 695 285 406 234 835 205 
239 613 125 800 43 55 
88 139 233 348 
271 527 235 115 30 
798 52 170 230 
373 436 39 309 221 
405 126 474 
273 30 536 775 836 
839 131 223 93 
627 506 333 
172 81 157 355 776 217 
353 211 714 50 
568 373 113 345 658 86 
408 105 53 279 550 
798 295 569 465 300 
373 110 345 439 798 835 296 
179 30 708 206 218 
527 668 133 161 736 
524 210 597 14 121 35 488 
29 734 447 51 593 213 
151 261 723 670 403 318 
405 213 833 327 
245 758 744 605 565 272 
554 403 659 808 
624 32 
522 236 644 355 326 233 494 
786 182 
777 547 99 332 
437 445 5 338 498 
606 442 136 257 771 556 370 276 
638 555 637 817 651 93 
519 412 642 389 561 368 467 
80 562 1 55 32 
839 227 625 106 43 296 
226 572 197 85 268 
94 664 310 
810 497 803 527 165 523 
816 690 
606 442 257 17 589 
386 544 608 306 
132 468 
245 516 531 670 88 805 594 100 281 
730 588 563 146 35 515 
758 315 3 791 382 
513 621 373 79 149 
140 17 198 224 68 449 
9 841 615 644 448 189 
233 514 843 383 341 
132 85 580 782 43 310 
727 86 48 18 308 
84 542 356 503 612 112 666 
137 22 477 62 130 
651 684 14 670 169 180 310 
606 725 261 
153 33 774 79 121 455 
839 33 152 
756 535 599 280 413 534 368 745 
786 826 
695 649 
172 66 471 118 626 177 
561 576 511 
80 557 628 631 337 
373 604 
408 485 843 358 35 609 
353 159 269 230 
405 785 789 691 687 
437 13 545 589 230 
180 73 6 408 488 
403 794 107 324 173 
651 539 349 836 
353 817 733 776 737 234 780 
473 807 658 724 291 383 255 
67 763 269 
57 182 
81 66 
179 592 232 
816 434 665 511 189 
777 13 666 675 592 
638 512 200 667 578 835 77 336 
373 715 348 495 
9 841 144 615 760 469 240 218 
9 538 183 330 
544 730 572 73 203 
68 546 18 764 
606 215 498 
565 179 537 378 272 
773 771 325 394 14 230 
109 788 390 4 222 582 213 
624 464 355 340 
516 678 806 147 
57 678 32 609 
405 3 347 
816 540 
197 499 526 
625 801 248 366 146 465 680 
172 715 19 382 
353 517 312 
437 379 719 782 798 78 
84 542 148 356 523 
716 567 311 
17 143 224 400 433 
273 842 783 13 
67 429 755 169 818 346 
724 793 
408 38 598 492 135 
756 180 73 165 6 679 
554 297 574 415 797 
384 21 680 303 
153 19 216 
137 57 538 359 564 
695 34 
80 421 133 180 410 
106 524 116 597 803 670 180 678 
353 769 509 109 789 740 21 
538 508 626 625 594 238 
67 215 576 550 230 
386 486 450 611 
527 124 36 135 191 
125 310 619 
783 477 735 692 
125 425 147 743 
223 275 14 557 
777 676 380 
386 577 545 41 
390 4 582 473 445 
405 286 275 
17 799 426 463 
384 585 835 358 75 
632 730 838 713 
697 839 625 106 554 492 
697 266 520 453 484 
742 414 512 716 438 688 
727 194 10 708 523 
493 403 25 277 438 843 411 
151 215 720 71 
384 390 413 832 514 
695 98 80 344 740 145 7 
527 101 115 374 351 368 452 
522 123 644 727 513 683 787 
572 469 63 439 336 
572 680 164 
441 645 371 775 
370 711 291 244 
518 11 685 714 149 
413 181 294 
516 630 474 
772 551 
727 321 503 389 648 510 499 
727 82 230 600 217 
547 14 740 465 432 291 167 
801 192 366 112 617 
583 533 526 337 750 
84 276 745 770 
383 834 652 327 
583 499 250 577 
627 444 505 634 651 649 
691 786 74 818 813 121 206 
57 678 162 649 281 
612 830 417 580 469 291 83 
606 127 129 77 591 
399 45 68 712 69 510 556 162 
734 752 52 276 
624 166 
151 725 663 118 448 383 679 
57 36 764 272 
651 693 
527 276 267 
535 312 75 
137 697 520 453 777 225 774 88 454 
651 188 56 346 826 
572 132 85 146 580 368 463 
624 167 53 836 
121 808 499 
544 682 662 134 350 529 
758 679 156 
386 26 842 
226 708 
694 223 286 280 219 68 77 34 
153 171 
403 404 344 779 238 
734 177 458 472 
67 42 477 600 217 
223 286 219 63 473 161 360 
61 337 304 
637 212 516 507 8 746 374 757 
777 158 
671 388 362 345 432 50 
657 148 695 406 234 119 
738 223 280 219 165 372 
810 155 629 688 
783 781 45 80 787 
772 2 818 438 401 
839 527 661 741 
370 822 233 438 358 166 
561 549 809 145 309 
386 214 486 450 627 398 374 329 
671 251 525 834 
146 798 112 569 15 
384 532 375 837 
128 554 72 398 204 574 79 439 800 194 
771 425 392 216 318 
339 749 365 448 107 
84 34 796 
691 345 366 751 686 782 409 439 382 
538 380 649 
386 272 
441 42 
706 738 391 547 648 653 
137 608 399 342 118 532 
632 778 29 35 401 
137 262 666 763 735 
758 690 1 303 703 
67 416 329 715 
802 727 197 567 350 814 200 80 209 721 
671 78 13 194 630 
437 536 170 688 
179 104 545 
758 213 422 677 346 
58 624 583 568 491 673 
316 673 368 594 159 
84 64 
530 59 772 448 54 656 
370 122 823 679 15 
727 245 503 699 779 790 
428 475 732 54 145 487 
651 526 629 836 
415 52 763 
771 184 394 818 88 12 
385 768 
786 251 181 736 
273 113 290 469 237 63 439 133 472 
779 52 806 552 
179 183 537 378 734 327 
716 264 
219 67 125 99 800 43 779 370 836 
779 34 545 336 382 
810 497 134 803 401 
751 86 103 
627 472 770 
527 287 347 314 
316 377 215 201 
535 179 554 316 395 516 749 596 
816 375 28 
273 629 221 16 
137 306 240 552 
538 561 549 292 809 729 
724 707 683 327 
373 762 718 650 813 48 
519 36 455 
530 551 687 335 
786 525 
742 13 
197 567 814 571 
207 564 782 779 400 539 
758 312 327 318 759 
627 638 671 769 211 
326 768 299 539 
624 570 626 420 316 277 383 215 
84 196 547 322 534 779 75 
132 752 790 540 
383 37 35 249 
292 207 470 351 530 278 
810 463 
384 587 225 207 771 64 
671 91 691 617 
839 479 303 
544 682 271 662 756 207 78 
339 596 209 466 
801 456 752 
740 715 619 
413 457 112 818 94 62 
172 676 455 553 
777 810 373 711 822 
441 610 113 260 
518 410 
554 110 762 
415 595 531 165 750 
817 205 
535 188 559 
734 170 75 
179 330 415 319 339 277 28 
522 437 195 719 132 695 6 655 
403 747 202 488 780 
783 694 288 626 325 69 48 
568 36 32 216 190 
632 798 403 37 419 
587 585 
123 257 326 90 354 685 734 582 690 
214 293 
395 609 
671 284 362 354 370 410 
572 766 402 667 511 
151 384 4 185 
706 478 783 815 1 
606 50 
58 812 802 809 373 640 
771 681 510 473 54 655 
396 519 717 840 
706 172 544 137 697 638 601 602 
535 788 815 245 537 374 434 
554 72 204 439 76 
137 608 342 284 325 795 
779 27 683 233 165 244 
554 680 242 495 335 
572 819 204 395 49 
353 441 648 231 404 
403 231 25 277 375 
396 535 785 163 
695 285 234 408 622 
57 754 25 274 
326 758 786 485 483 
751 301 309 
180 669 
386 494 764 338 294 
486 519 129 642 771 80 191 
384 132 154 457 
453 638 742 229 512 568 376 
544 57 595 831 
473 244 174 492 780 
612 811 779 78 
199 547 493 420 345 383 543 
383 37 358 35 41 
547 700 325 54 763 
245 818 80 618 658 209 170 
817 715 
716 603 426 406 234 12 
530 680 243 124 550 
786 114 312 380 260 
716 566 658 240 308 
538 508 212 626 461 
396 572 475 581 
399 67 200 755 270 479 
290 741 69 180 213 
663 732 740 247 465 432 607 
740 431 121 54 180 205 
415 302 411 259 304 
667 487 71 
530 650 319 15 
390 424 539 302 331 
9 379 573 
233 832 145 843 791 
469 328 649 
535 826 
706 353 632 645 610 
606 136 257 129 153 612 500 
441 376 793 36 
627 505 634 839 648 406 616 
706 424 629 558 759 
730 767 550 190 
405 734 51 593 322 532 
94 575 133 233 180 35 375 
473 562 675 308 826 
386 293 802 561 361 24 
396 602 470 679 
180 484 461 220 
697 228 719 698 679 
132 255 267 
740 576 721 269 401 
172 801 192 248 366 100 94 675 
839 413 154 534 368 126 
94 793 
583 87 637 773 510 798 234 800 344 216 
727 321 245 503 403 76 
530 598 260 97 189 
810 167 89 
524 543 313 304 
624 186 355 405 374 358 96 
740 247 432 244 
535 187 666 
798 30 500 250 
612 312 46 757 279 
273 396 727 151 237 328 
207 359 351 125 158 
61 633 560 606 426 594 170 
544 255 
353 65 807 
706 206 337 31 
719 428 322 732 511 
80 449 577 340 
326 149 433 217 
706 305 738 391 509 333 
751 611 708 337 
639 650 319 724 698 344 425 
68 380 693 
129 742 414 229 512 222 365 476 
544 538 408 485 161 843 303 
84 655 545 688 
789 800 408 161 843 590 
386 214 450 118 223 580 837 
583 155 189 
538 687 75 232 489 
121 126 
568 620 760 825 398 732 49 
316 646 317 54 201 
648 676 649 652 323 
547 418 420 219 607 
405 276 218 
730 242 
226 713 468 
810 134 803 470 413 48 
233 445 13 104 60 
648 167 53 434 
17 30 53 820 
437 798 295 112 569 406 349 
730 320 584 
727 460 226 94 619 
396 797 202 357 
627 444 634 544 510 147 
671 504 164 
516 8 746 698 56 
627 816 538 212 626 736 
353 769 109 772 736 
68 258 443 
395 729 
742 482 394 640 
538 554 829 621 
568 814 233 832 438 145 702 
172 790 434 
742 777 390 507 282 
638 40 313 
151 11 241 
544 57 412 709 
697 266 453 774 558 
57 660 407 326 740 434 
9 236 23 
57 747 352 267 
544 210 623 
727 461 53 693 
779 12 
706 522 606 817 101 668 
353 525 687 327 313 
583 160 
386 638 671 435 59 
415 831 375 
197 238 652 160 
535 479 665 
413 154 368 653 
58 519 353 397 579 
816 182 484 797 502 
179 183 378 180 300 
386 816 583 568 508 427 
84 221 
516 242 347 
730 699 140 636 
84 148 356 758 88 347 
172 264 
273 706 172 682 364 
612 243 357 
697 298 731 795 
396 606 418 700 
396 56 
503 493 561 292 809 835 83 
724 5 102 
273 476 83 392 552 
17 443 124 
384 416 287 119 743 
568 72 297 
638 674 756 128 509 810 45 680 
772 641 289 835 577 
61 13 177 314 
153 380 494 739 
132 387 
61 824 109 69 277 472 
632 326 817 734 549 343 
522 729 
777 705 20 225 63 259 
816 207 359 470 351 175 
758 120 547 169 149 
716 603 423 426 235 383 495 
662 760 197 350 814 513 94 175 
697 632 84 620 490 
798 501 473 835 432 42 
57 624 464 186 355 159 
339 611 767 523 
519 353 17 766 819 
437 379 195 719 207 232 
395 717 639 801 14 267 
353 94 448 133 752 
519 499 274 
428 215 174 19 246 
453 667 835 77 331 
407 61 535 397 788 815 546 
132 268 250 
535 663 428 475 322 732 75 
390 185 510 35 461 
87 459 
544 187 71 616 481 
326 224 420 384 587 361 225 358 721 
88 680 107 39 474 
384 361 225 351 771 823 
136 637 441 730 541 699 140 151 318 
758 611 591 
84 837 18 294 
667 477 757 462 
226 215 528 217 
734 117 430 798 80 432 269 
88 805 100 432 165 780 
520 29 212 415 374 531 180 577 
339 749 299 365 439 752 
524 623 20 235 654 
395 302 205 
816 753 722 561 648 383 338 
697 349 836 
697 396 95 451 48 
396 601 95 451 428 382 
245 605 716 423 426 88 141 
801 525 255 
758 744 565 648 746 15 
57 442 127 
734 313 
137 399 342 356 115 146 300 
469 170 823 53 
441 645 239 371 776 54 335 
326 375 536 124 735 
671 223 373 830 811 
290 661 430 774 394 150 289 126 
706 760 395 132 779 27 400 683 571 
9 178 722 304 
554 416 598 53 
153 577 
17 80 658 209 656 
730 592 
568 760 825 345 48 
353 572 513 829 47 142 368 324 
121 252 517 246 
524 210 116 597 540 
606 464 570 
839 227 106 646 366 670 133 270 274 
538 427 384 100 492 
273 444 253 
777 552 206 259 159 
697 526 221 795 
561 13 
544 477 592 
544 697 61 307 710 
61 471 560 708 
627 253 593 430 534 177 
816 50 726 
58 298 380 446 
583 87 773 405 547 323 
627 674 555 
395 840 69 240 232 
473 546 392 
90 809 613 772 556 289 145 526 
519 709 624 463 
84 571 259 702 
522 23 219 218 
520 560 441 239 371 398 798 194 
316 491 317 534 170 
450 642 423 648 45 718 774 484 
671 647 784 
273 528 36 764 
530 435 319 161 383 177 
415 132 684 44 
695 745 89 
516 715 347 217 
771 577 138 
273 71 600 
538 536 147 462 
273 26 199 84 525 
80 618 209 94 370 411 
644 402 415 121 54 270 591 
706 57 521 407 694 197 153 278 
90 290 613 430 551 
544 364 280 225 655 
151 725 118 179 420 716 206 
714 351 94 575 448 133 287 
627 795 
606 114 259 462 
386 697 578 176 
527 101 235 115 173 
612 147 
473 65 169 125 100 180 220 
273 522 58 388 91 
136 727 777 705 563 20 30 
657 316 491 646 317 8 607 
638 756 128 204 613 357 
786 124 533 216 
233 611 1 517 18 
469 208 10 
801 489 
437 76 550 489 
353 158 484 64 600 
142 771 184 325 394 795 
544 271 662 406 557 
779 614 438 274 
582 651 150 14 71 
518 11 714 219 534 358 764 
751 782 409 779 448 175 
179 607 616 488 
469 833 302 97 836 
612 313 
522 643 221 780 
405 163 116 316 319 145 562 
373 5 124 635 217 
88 687 40 
783 381 288 714 814 180 149 
285 98 
151 834 539 701 
706 137 266 228 
724 480 344 400 448 370 498 
730 541 140 775 
453 547 418 493 420 289 156 
779 190 335 
724 410 821 312 346 
80 552 18 
516 466 765 720 382 
396 777 563 20 333 
305 478 
839 724 480 698 344 504 
408 341 194 826 
519 412 129 642 335 
632 307 778 29 106 351 97 
370 240 291 752 
663 513 68 69 510 298 
405 226 838 723 496 322 145 262 
518 241 554 200 277 1 
777 135 
697 603 566 
671 814 395 574 639 695 76 
648 784 675 
437 573 45 132 467 
535 425 649 498 558 
524 24 124 
816 827 132 299 383 39 
226 838 496 222 77 408 629 
441 530 480 707 
129 151 663 118 369 
9 797 630 160 
544 742 321 460 
413 499 21 584 
9 452 577 616 367 
706 396 632 541 588 
233 160 804 
428 581 774 344 94 425 
817 776 737 112 40 
817 447 117 
667 19 
132 171 792 53 553 
817 168 625 789 398 201 
706 305 391 521 317 574 510 448 278 
771 194 767 
606 667 247 431 
471 290 661 613 430 677 
522 414 482 
223 55 
758 605 565 537 115 640 
67 833 336 523 836 
516 282 612 438 276 
695 484 
58 393 812 802 358 369 
776 339 299 365 775 
68 562 338 
396 58 686 301 
786 656 
816 599 722 538 448 49 
57 660 521 407 816 701 
67 92 351 658 517 
638 674 128 814 787 
151 636 628 494 294 
386 783 538 744 120 
817 34 167 303 246 
568 620 825 518 789 208 
57 752 114 126 472 
373 110 113 345 291 630 
798 377 721 
441 36 604 
522 690 474 346 
803 572 389 402 80 591 
373 425 834 242 543 
450 326 385 90 354 594 584 
697 451 353 509 109 197 171 
777 188 
583 777 184 681 
226 641 2 
583 459 405 729 
153 33 79 150 786 25 180 532 
606 104 836 
817 733 737 204 469 164 
705 672 
632 307 29 290 650 94 525 
724 27 614 
648 39 
783 381 694 288 547 395 729 
751 686 409 569 594 654 
381 781 
648 647 45 718 67 506 
405 789 691 317 292 428 103 
137 74 254 
428 649 103 
535 397 815 142 532 
405 785 691 317 83 
58 484 162 
67 492 380 156 
522 34 208 272 
648 191 
94 767 653 220 
94 22 348 56 76 
437 215 55 
441 78 669 631 
817 716 223 295 501 
17 143 198 224 527 569 310 
125 99 43 358 436 
518 226 153 192 456 
58 748 136 256 94 309 
810 334 646 345 290 470 550 
290 276 
109 88 594 100 369 
437 12 736 
245 473 65 670 169 382 
663 121 659 54 270 246 
561 343 510 338 
544 816 497 334 
248 612 830 256 417 569 31 
58 393 802 535 734 69 502 
786 254 125 800 277 740 750 
197 311 310 
535 579 280 159 
627 753 827 
61 84 733 168 
786 74 813 800 194 
644 572 766 389 402 88 269 
624 455 
68 476 
605 734 400 594 370 711 240 291 836 
538 649 
61 633 471 560 691 225 35 540 
568 490 420 40 
68 314 
606 816 753 599 722 246 
373 454 189 
513 47 142 580 270 735 
503 612 256 417 616 
812 637 415 595 374 531 234 170 
365 233 438 145 6 141 
17 590 
697 792 
667 578 77 125 465 62 
535 745 
740 551 
503 226 723 496 779 232 
518 227 131 
58 395 717 574 639 357 
9 144 615 772 658 703 
273 26 657 199 226 218 
408 483 358 577 
