1024 5231 0

1 
1 2 
1 2 140 
1 2 3 4 615 
1 3 4 670 
1 4 5 
1 4 
1 4 6 
1 2 4 6 
1 4 55 
1 2 3 5 965 
1 2 4 5 
2 4 5 10 226 
1 2 5 10 13 460 
1 4 
2 4 7 11 13 1001 
1 4 6 13 14 
1 4 5 16 
4 7 10 18 
1 4 7 18 828 
1 5 6 
1 3 4 14 
1 4 5 10 19 
4 5 14 20 
2 7 10 21 1005 
1 4 11 153 
1 2 8 12 13 
5 10 17 19 25 
6 7 21 22 
1 2 20 186 
4 5 10 13 
7 8 10 26 
2 4 28 
1 5 6 10 20 
3 4 23 
1 4 10 13 19 
1 4 9 22 37 
1 2 16 25 31 
2 4 13 17 
1 7 18 25 36 1010 
2 7 8 12 22 
1 4 12 14 39 
3 4 29 
4 18 33 
1 4 
3 10 20 32 40 
11 15 19 28 35 
5 10 18 28 34 254 
1 6 16 31 
3 19 29 165 
8 9 40 41 49 
1 9 11 20 23 
1 4 20 26 50 
1 3 18 44 
1 22 23 33 47 
4 19 31 32 40 
1 10 29 34 42 257 347 
1 4 28 40 713 
4 10 16 29 45 847 
1 23 33 34 50 879 
2 4 16 32 
2 3 13 56 
11 13 14 33 38 
7 11 19 41 
1 2 11 37 65 
1 2 4 18 30 
1 5 11 52 64 
5 6 25 36 49 
4 15 21 28 41 585 
1 31 39 63 68 
14 19 24 27 
4 7 17 28 36 
2 41 49 50 51 
1 23 25 27 42 287 
1 13 17 33 68 
4 5 28 36 57 
1 2 4 5 33 
9 16 23 39 58 765 
1 21 31 36 
2 23 38 52 77 
5 7 12 20 76 
3 4 8 10 13 
1 61 77 
4 11 14 34 54 
1 7 40 46 52 
1 2 4 76 
4 11 52 84 
2 4 22 57 
1 4 19 35 38 
10 35 56 62 65 
4 15 25 27 51 
7 12 28 44 54 
4 6 38 50 51 
1 6 19 70 71 397 
4 28 36 62 63 742 
6 29 33 54 83 741 
1 3 25 43 51 
1 2 4 91 
1 2 9 15 40 
4 27 28 45 
1 79 92 96 97 
2 3 44 82 97 
10 44 87 103 
3 13 24 64 78 
4 29 39 79 80 
1 7 59 91 94 
5 6 17 50 55 268 
3 4 14 29 93 
1 3 4 28 50 
1 4 37 64 76 
1 4 26 78 701 725 765 
2 51 55 72 124 
7 26 63 79 105 
15 28 45 88 93 
15 23 24 26 94 
4 14 48 54 64 279 
21 25 29 35 71 
1 10 22 49 72 
1 4 6 34 49 
4 64 92 109 115 591 
4 10 24 120 157 
1 2 6 14 69 
2 4 10 40 91 
11 28 40 50 123 
4 14 25 37 95 148 
1 5 29 40 52 
2 6 32 35 87 
1 3 5 37 39 403 503 
4 8 28 36 37 490 557 
1 40 65 72 89 
15 28 29 76 118 962 
1 10 52 112 114 
1 13 16 113 
1 29 46 62 106 
41 47 89 95 100 
5 45 64 73 83 
1 2 68 86 93 395 
4 15 20 52 88 
8 22 69 121 138 308 
40 46 66 70 97 
2 37 50 76 112 
4 31 32 47 126 932 
2 4 8 54 97 
42 46 66 72 132 
1 4 44 85 
4 18 54 78 87 848 
13 28 38 90 110 
1 4 5 7 87 
12 16 24 59 149 555 
2 35 81 84 95 
1 4 20 35 79 
1 11 49 98 112 
1 4 13 68 
23 82 89 97 100 
4 11 40 96 139 
4 29 49 97 140 
9 21 26 48 58 652 
1 31 63 94 
4 5 11 94 133 
16 28 40 52 139 
33 81 84 89 94 
19 55 58 94 146 981 
4 97 116 125 126 
1 35 42 162 
1 3 4 96 127 
1 33 114 
10 21 54 127 142 
2 6 26 52 116 
13 38 71 87 
17 26 95 156 167 
2 42 102 128 135 
1 4 36 120 
7 13 51 88 122 906 
2 9 10 30 139 
1 52 70 123 173 
45 50 150 153 171 881 
9 58 69 75 128 
4 72 90 100 124 
1 2 13 63 107 600 
2 44 84 108 171 
16 19 24 34 159 
1 8 10 26 117 467 730 951 
1 16 35 116 141 
13 49 97 119 159 
63 108 146 153 
1 13 39 71 83 261 
2 97 148 176 179 
84 97 102 116 157 
4 19 29 50 179 
1 19 24 26 52 
14 20 32 87 124 
1 23 31 40 98 
1 4 10 26 123 144 803 
2 36 42 89 107 
5 16 57 80 183 
4 6 57 106 196 472 
1 4 29 51 86 
1 4 37 41 63 
24 40 48 131 194 
4 19 45 123 
4 9 57 123 170 896 
1 4 5 86 158 
1 7 52 139 182 467 
23 65 96 106 128 
4 29 35 46 119 
1 52 60 98 158 
10 44 97 143 158 
5 24 34 134 193 
1 2 22 94 152 
22 96 149 156 178 
4 5 19 171 184 
29 34 45 211 
1 51 152 153 213 
19 32 113 121 122 
45 86 107 154 165 
5 73 98 160 195 
1 19 28 32 119 
1 2 4 19 153 
16 30 55 58 119 468 
4 49 69 88 182 
10 45 47 78 213 
10 31 39 50 121 487 
12 31 124 148 158 
10 45 116 168 176 
1 2 10 166 180 
10 29 41 106 120 
1 2 14 22 181 756 
4 13 33 98 200 
1 4 42 98 199 986 
50 54 133 141 200 
4 12 27 88 106 
4 25 76 80 123 
1 10 14 59 151 
14 18 39 58 186 
5 25 26 33 69 654 
4 11 76 112 127 
34 44 50 159 173 
5 9 139 174 217 
1 9 58 84 
2 52 81 108 204 546 
18 27 62 128 177 
2 30 84 180 224 
1 29 33 48 174 
28 40 46 52 109 
4 14 108 109 137 610 
5 81 82 139 193 
26 27 92 123 168 
2 17 28 47 119 368 
78 152 181 186 192 
74 88 96 166 192 
1 4 7 111 212 508 
2 4 5 47 126 449 
14 45 62 139 158 
1 18 180 181 201 
2 4 5 26 120 
13 92 116 159 173 946 
5 29 93 126 165 
26 29 99 134 204 
1 4 31 140 184 
49 75 83 212 230 479 
10 117 124 187 203 
1 44 45 62 103 
28 59 63 172 260 
1 34 125 227 
1 17 31 49 99 164 
65 81 84 192 209 931 
2 39 77 122 246 
9 21 42 113 149 
10 40 44 78 173 
14 15 77 221 260 
8 54 188 199 221 
8 49 122 135 165 
36 45 46 119 215 
27 137 199 231 260 
50 66 70 76 130 
26 55 113 140 190 884 
1 2 46 57 85 
16 33 62 93 106 
1 4 15 25 72 
4 14 17 28 250 
20 81 93 115 125 
45 52 157 247 259 
32 68 98 119 184 1024 
1 13 188 267 275 
4 50 84 158 
12 63 152 157 223 
4 29 158 224 264 
34 73 155 173 225 
1 2 13 78 259 
52 54 84 92 195 
16 39 46 156 200 
4 139 157 174 240 
47 52 81 250 267 
36 66 112 176 220 
1 8 44 45 282 
5 51 154 261 522 
1 64 82 179 258 
1 106 117 155 283 
34 37 76 107 120 
1 29 143 150 260 
28 46 97 166 250 662 694 
20 21 59 88 187 
2 4 18 45 100 405 452 
10 13 28 166 
1 4 53 134 201 464 809 
10 20 119 144 265 
50 52 174 225 305 
35 97 179 205 305 
3 6 60 145 281 
4 22 40 73 129 
5 120 179 217 757 
3 146 184 216 305 
7 39 48 62 246 
15 16 59 65 199 
5 116 124 180 208 754 
19 46 62 85 127 685 
101 174 189 213 294 
10 36 53 143 150 
1 10 46 102 174 
20 21 23 135 278 
6 10 16 62 205 
4 66 157 239 252 
4 130 184 311 320 
4 190 221 259 270 
4 10 44 148 320 
47 99 179 228 299 
2 4 6 16 28 115 
4 13 116 135 277 
4 42 52 83 306 724 
63 72 180 181 191 
7 33 56 71 227 
1 104 158 308 
10 26 43 45 158 
1 12 47 174 175 
5 13 92 223 226 
42 50 52 138 257 531 
1 137 156 232 304 
31 70 77 138 302 
18 22 142 167 185 822 
66 68 98 227 250 
25 28 71 84 117 
7 18 68 125 140 766 
4 23 78 150 306 
2 72 305 327 
1 7 71 239 323 
71 91 113 164 277 
3 13 95 100 264 
4 13 51 178 202 
7 14 16 30 264 
1 26 116 170 306 
4 39 134 169 195 
18 129 160 188 306 
88 122 156 188 
4 84 93 183 267 
14 40 78 83 85 
55 73 125 130 204 
15 149 155 171 276 
4 12 25 47 269 
44 173 220 250 340 
21 88 129 139 187 
4 21 82 212 328 
92 149 196 271 359 
12 14 28 72 275 
3 34 41 97 248 
20 68 109 114 139 
4 71 97 118 328 726 
21 50 55 92 99 
23 59 68 105 274 440 1013 
2 10 21 53 97 
4 40 57 79 290 
4 52 97 123 267 
2 20 97 215 278 
2 11 212 314 360 
8 88 165 328 346 
17 39 95 128 347 999 
2 15 66 129 206 
4 149 173 208 367 846 
10 13 20 25 269 452 
1 5 14 63 244 
1 4 107 167 231 
11 64 220 330 340 
1 4 18 45 138 
10 35 42 313 370 
6 8 120 266 328 357 
132 195 267 303 367 
35 52 182 292 305 
1 11 36 73 138 
6 82 151 158 354 
9 12 67 75 178 
20 37 79 160 329 
10 44 46 232 330 
5 10 23 134 217 
4 22 63 165 363 379 
49 73 86 304 313 
13 47 182 373 387 
4 26 28 110 113 842 940 
1 28 35 145 348 
6 29 34 62 355 
27 97 201 293 319 
32 60 63 75 93 
11 60 127 275 398 
9 52 144 205 237 
2 49 87 191 
2 35 166 329 332 
4 17 33 81 392 721 
1 86 160 230 290 
1 7 16 36 250 
50 51 97 177 219 
1 5 37 165 408 
2 4 11 146 308 
18 35 54 239 340 521 
4 5 89 150 201 
13 199 225 308 395 
25 39 92 279 396 
12 106 127 187 194 
158 217 320 338 388 
4 40 48 91 405 
15 63 127 183 239 
20 23 72 113 288 
17 25 35 40 76 
2 87 126 161 226 
20 29 124 186 213 
1 8 11 57 320 
17 40 58 212 223 
146 230 257 289 312 518 
4 5 104 157 179 
2 29 94 173 418 
160 178 179 330 376 
20 23 44 53 196 818 860 
52 148 157 159 327 
4 7 78 201 202 
4 128 171 337 384 400 
33 85 96 416 419 
103 148 267 293 
4 13 96 139 310 
19 29 70 224 431 670 
34 50 51 93 165 
27 77 112 135 306 
5 125 380 409 762 
8 76 101 221 289 842 
2 62 85 128 137 
1 6 64 98 326 
2 133 190 248 397 
1 7 18 78 340 
34 52 154 327 344 
62 64 70 200 355 
63 106 134 139 384 
60 98 115 230 408 
21 63 174 220 255 
16 62 77 102 174 357 609 
10 84 229 299 308 
75 78 153 174 301 
28 96 112 126 419 
45 76 102 191 195 
126 139 179 318 408 
10 40 135 149 279 
7 30 221 247 404 
5 12 77 145 242 
26 42 143 158 312 
1 18 28 116 172 
12 30 51 130 322 
10 181 231 340 342 475 
2 28 73 76 91 
1 92 139 275 449 
66 82 181 187 276 
34 60 64 197 309 
1 95 124 139 373 720 
13 18 82 139 242 402 
1 13 187 269 277 
53 177 235 278 304 
1 92 183 195 203 
1 94 113 449 980 
120 205 291 345 446 803 
41 46 97 159 280 
4 36 143 183 287 
1 100 243 363 439 
4 145 295 372 373 
98 107 113 129 195 
14 45 219 289 385 
8 9 222 263 396 
1 30 72 290 400 
20 153 235 358 433 
1 141 230 287 394 
14 154 336 384 482 
4 5 16 38 269 
17 28 36 324 403 
1 4 292 329 366 
44 109 201 361 410 
29 97 228 290 408 
2 129 131 165 380 
1 193 340 462 491 
1 15 31 259 345 579 
49 137 212 232 415 709 
10 26 28 98 278 
13 16 62 92 
18 202 321 329 430 
54 89 107 128 201 
13 55 63 368 404 
2 5 7 92 227 548 
25 29 164 174 202 
11 17 237 338 451 
1 102 109 317 456 
2 42 64 143 165 
52 202 240 248 267 
4 26 125 128 475 
4 7 29 211 404 
24 57 98 341 490 
1 112 241 259 497 
5 78 97 317 415 
3 39 123 311 430 
8 49 81 86 183 584 
4 39 87 221 449 
18 114 145 151 400 613 
13 15 164 380 391 
2 4 111 143 
5 14 88 98 126 
11 15 24 457 502 
26 158 178 259 290 
12 25 80 94 317 743 
9 28 153 285 409 
28 64 188 246 283 
15 312 365 394 463 
40 155 208 492 518 
7 74 92 134 425 
4 20 171 209 240 
2 32 51 78 136 263 
2 32 193 240 291 498 795 
15 94 97 268 403 
123 275 299 388 466 
4 63 106 107 253 726 
48 66 222 230 523 
1 4 92 237 405 
1 15 72 88 314 
23 32 99 332 505 
13 27 87 153 245 
12 93 124 180 403 
4 25 74 120 431 
7 31 58 190 308 
27 42 165 308 500 
101 239 265 329 523 
32 372 460 463 528 
25 45 194 209 336 664 
4 90 152 
20 249 330 362 365 
1 112 259 515 542 
20 60 204 208 332 
59 171 242 248 290 524 
1 27 29 45 159 
109 130 157 288 328 
10 17 34 136 337 466 
4 126 196 205 228 
1 59 63 124 216 
81 98 275 293 438 
95 126 205 367 502 
4 20 97 327 705 
26 66 139 171 504 
2 3 19 32 463 
18 140 196 323 463 
2 13 19 144 360 
24 65 133 283 528 
1 2 87 114 149 
87 110 179 308 559 
4 10 83 231 536 
97 161 225 235 368 379 465 
49 192 269 486 528 662 
11 65 127 427 428 932 
167 324 344 420 450 643 
4 45 542 557 987 
2 28 66 200 414 
1 128 271 341 421 
28 35 40 175 204 889 893 
1 6 85 152 264 889 
4 40 129 220 490 
1 28 173 202 340 
78 112 129 133 201 708 
10 36 110 152 163 
2 26 271 470 528 
4 66 207 491 495 
1 10 113 256 323 
1 84 169 377 568 
58 75 98 229 355 386 759 
46 62 159 378 547 580 
47 104 166 438 581 971 
8 61 65 98 134 
26 102 183 184 352 
22 33 64 126 299 
4 324 423 530 553 
34 186 228 469 484 
1 4 179 463 554 753 
32 173 249 304 
1 196 375 529 530 
32 134 222 559 591 
31 127 229 506 538 694 
4 34 125 147 548 
13 80 205 474 504 
4 66 194 243 545 614 1001 
2 4 10 11 320 
13 33 183 215 253 942 
4 16 253 263 284 
4 113 125 470 476 
18 38 174 565 589 
1 4 17 130 546 915 
13 32 120 146 273 
1 52 196 475 590 
26 29 330 396 431 
20 54 187 261 317 
14 82 97 463 582 
5 7 38 186 534 
6 291 336 485 578 987 
9 11 17 19 511 
92 94 174 181 245 964 
7 72 87 199 212 
1 28 156 510 564 
4 131 290 367 481 
1 5 35 107 306 
22 32 77 83 222 254 
4 73 98 113 126 
94 174 235 359 530 
28 50 76 105 132 
4 79 375 
49 72 265 329 355 
10 116 187 463 
97 276 459 482 529 832 
25 217 258 285 550 
1 5 157 422 442 
78 96 263 340 352 1017 
10 19 52 170 301 
165 441 600 616 
9 12 18 81 595 
19 423 485 529 584 617 
7 30 34 159 242 
4 70 84 156 466 
2 49 151 198 215 
119 147 195 227 269 
40 64 129 375 443 546 
1 18 376 485 551 654 
31 171 367 529 608 
138 153 272 490 505 
106 304 443 509 538 
13 29 30 247 294 792 
18 25 194 281 422 855 
15 64 149 209 388 
2 10 40 278 308 
5 16 39 365 481 
34 68 106 466 481 732 790 
4 23 72 147 319 691 
199 270 275 279 476 
80 200 432 532 536 
24 32 257 543 587 
12 94 196 237 334 894 
26 122 193 216 549 
13 38 47 235 294 632 
1 4 16 420 539 994 
2 30 78 168 425 
88 232 264 319 416 
1 40 117 134 314 
27 87 192 221 458 
25 31 88 358 448 
23 209 471 490 491 
3 4 21 278 437 
12 34 114 325 359 
5 93 114 122 378 
4 37 129 251 
4 133 447 464 550 
82 92 123 139 190 
36 49 143 342 540 
66 121 168 195 412 
1 283 338 431 594 
20 21 28 62 641 
1 12 233 458 477 
29 35 46 245 547 
4 126 246 459 550 
2 4 8 18 273 687 
1 23 26 47 529 
98 140 206 446 559 
13 89 339 576 666 
1 33 394 431 609 
25 95 285 463 477 
6 13 139 427 525 
124 144 222 428 521 
94 109 183 193 607 
5 47 111 113 153 
4 119 157 187 446 
1 19 112 220 409 
51 59 81 186 214 
15 51 113 201 485 
11 26 53 63 256 
1 92 115 276 618 1014 
4 91 267 322 
44 90 152 423 629 
28 139 144 165 386 
13 33 44 59 586 
139 147 586 604 621 
97 220 295 390 586 
152 386 486 653 674 
56 105 213 263 497 
215 268 453 462 516 721 
2 28 42 288 640 
5 73 126 376 433 
106 188 257 283 656 
4 7 29 59 370 
35 116 133 396 607 894 
5 238 389 591 636 
5 66 327 573 688 
20 336 343 416 466 
12 216 271 554 665 
41 62 83 331 462 
1 10 97 561 690 889 
5 194 366 550 561 
62 68 99 372 519 
19 171 399 611 658 
8 13 20 116 183 
23 112 213 217 712 
145 153 212 223 561 1006 
58 158 419 438 563 
16 143 271 467 511 
4 7 12 20 528 
77 327 422 473 492 898 
5 7 68 257 573 892 
102 177 251 432 681 
62 237 510 538 649 
5 196 198 435 458 472 980 
57 68 425 428 628 
173 193 263 265 523 
62 295 348 514 590 
52 101 346 505 634 
32 138 223 236 714 
233 266 269 503 649 685 
111 213 217 377 597 
1 6 123 165 193 
22 92 97 313 650 
13 152 272 292 458 
56 137 156 339 584 
6 14 174 294 449 
78 155 160 343 571 
10 227 274 432 645 670 
20 143 229 476 652 
2 7 265 635 
2 33 34 174 565 
21 57 155 267 489 
96 112 202 466 675 
8 15 53 613 622 797 
1 16 147 181 304 
50 131 305 392 508 
37 91 306 591 696 
85 103 203 343 382 
6 195 360 419 451 
20 58 112 240 565 
32 170 274 429 510 
173 264 516 561 567 
1 56 366 457 561 
21 104 108 129 659 
84 98 127 158 173 
5 99 295 457 467 
51 71 77 126 339 
6 51 150 440 590 
19 20 180 217 257 
253 342 362 438 719 
4 32 261 315 367 
21 23 37 98 327 
33 167 174 300 476 
4 23 52 203 522 
1 51 234 298 314 
1 25 56 81 273 
42 110 124 267 416 
10 40 75 172 253 579 
20 142 184 555 560 
126 153 416 543 686 
42 201 212 275 694 994 
4 225 390 426 559 
4 51 86 270 
1 7 126 206 336 
1 53 308 396 658 
58 106 133 216 422 984 
4 165 304 412 431 942 
4 15 20 56 66 
12 53 212 298 569 
132 137 250 317 522 
3 72 83 172 490 
10 37 65 206 226 
45 55 116 203 649 
10 57 97 211 599 
73 79 97 500 510 
1 58 206 493 582 
2 8 10 119 313 
160 363 503 666 729 
35 50 159 476 716 
4 55 148 208 602 
25 26 32 72 131 
319 333 459 579 694 
6 193 322 346 597 
59 130 160 342 396 
4 50 98 228 366 
7 137 277 278 539 710 
14 76 105 155 478 
30 82 120 182 559 
2 20 253 541 599 
5 83 97 225 232 
36 39 223 308 529 
4 11 94 135 532 
1 285 322 388 
1 369 417 466 548 723 866 
82 132 343 557 785 
4 12 429 480 757 
40 66 273 363 697 710 
296 308 468 490 579 
18 45 148 615 693 
4 358 439 458 
37 134 354 459 554 
17 24 108 324 449 
30 167 339 527 722 
60 83 397 436 481 
1 29 324 488 634 
11 63 139 211 275 717 
50 74 463 509 510 590 
160 179 265 738 793 825 905 
29 217 355 366 625 
32 40 88 109 428 
76 117 124 196 308 
12 39 238 277 836 
33 55 98 313 561 
13 106 137 160 308 
1 143 369 568 652 765 
22 102 209 249 631 
36 84 86 132 214 
32 159 165 166 316 500 
1 19 407 641 722 
4 99 125 183 204 
109 178 297 330 552 851 
101 181 216 598 706 789 
7 106 217 287 425 
37 195 235 253 325 
4 36 286 538 682 
13 198 371 388 461 480 
33 66 160 381 522 
35 52 236 340 460 613 
12 148 153 320 428 
1 7 13 208 378 
4 34 188 449 621 
58 122 278 335 577 
48 111 294 630 801 
4 486 648 748 826 
28 94 590 656 767 868 
40 52 66 90 348 
5 9 29 198 693 
20 179 269 745 
51 52 119 190 774 791 
26 78 212 217 482 
1 33 450 571 685 
173 272 489 528 776 1005 
31 207 299 325 487 
21 193 434 593 750 
153 233 373 697 803 
372 418 482 623 652 677 688 951 
1 42 67 89 860 
28 40 84 142 251 
5 159 270 648 733 
1 140 316 402 729 
52 202 276 767 769 
3 32 37 128 227 
4 89 205 634 641 
4 199 332 413 850 
63 124 131 276 338 455 
144 240 307 440 738 
6 58 269 480 641 831 
6 44 153 262 586 
10 26 172 250 668 
1 3 51 85 126 
10 41 173 381 663 674 891 
40 50 152 168 641 
139 446 696 866 871 
113 215 324 451 667 
416 438 439 461 490 
33 82 199 355 397 
22 195 269 493 545 
1 33 47 449 633 
4 27 105 262 731 
97 174 392 660 804 
33 49 152 399 429 
99 174 179 387 622 
13 37 346 436 591 
33 37 63 358 734 
13 157 191 207 497 
15 111 204 506 532 
18 223 511 587 805 952 
62 394 551 559 652 703 
13 158 170 458 672 677 
1 102 107 223 720 
4 45 260 484 
173 433 551 609 667 733 
4 191 331 394 847 
4 212 516 625 721 843 
120 145 416 448 869 
25 29 34 626 715 
263 407 529 600 798 
4 131 180 210 569 
44 192 243 606 895 
11 13 33 164 850 
204 282 389 510 600 
8 63 76 101 165 
1 83 347 466 669 
28 196 250 348 
14 50 297 573 634 
16 285 304 395 397 
7 12 46 117 476 
373 410 594 687 791 
98 286 470 593 866 
32 102 107 383 403 754 
4 37 84 146 642 
13 56 141 158 267 
9 65 174 734 
92 313 715 778 895 
21 25 42 147 725 
174 181 695 756 803 
5 9 233 308 581 
1 2 5 366 627 
612 616 767 768 776 
2 107 124 291 623 953 
26 63 88 213 548 
10 14 523 583 622 789 
29 44 135 370 396 833 
36 91 97 198 485 
13 146 200 215 595 
300 374 483 694 738 
4 24 148 466 916 
4 6 33 109 729 781 
81 315 485 646 827 864 
76 278 357 493 817 
9 35 231 238 600 
1 483 509 842 909 
297 327 473 476 639 
6 15 22 550 636 
6 11 279 461 704 
59 173 307 454 475 
37 394 648 789 901 
13 324 329 433 538 
56 73 84 222 909 
14 66 98 139 503 678 
12 97 236 534 769 815 
2 24 372 398 824 
1 70 158 305 716 
45 123 154 409 808 
10 78 518 697 763 781 
2 4 138 906 923 960 
1 42 149 554 791 
1 28 101 226 315 888 
87 106 385 395 792 
12 47 196 528 822 
4 113 143 230 515 
78 174 313 329 848 
3 13 31 50 131 
95 113 182 439 441 
19 32 70 97 304 568 
5 142 461 862 935 
12 43 82 105 638 
55 71 460 591 655 
31 109 158 278 745 
20 80 237 657 923 
25 87 93 317 573 620 876 
30 50 97 158 180 
1 198 206 449 778 
2 52 269 274 802 
2 489 693 729 870 917 
28 47 393 403 807 
7 490 571 623 918 
1 168 201 405 624 899 
153 293 305 372 912 
25 225 712 771 903 
81 83 86 171 310 
22 47 193 367 556 
23 96 481 706 858 
48 120 190 369 575 688 
4 10 58 267 338 
100 152 339 551 928 
319 331 395 677 937 
126 167 185 891 927 
45 327 372 510 784 
2 16 93 212 303 
76 87 187 257 310 
1 33 125 381 903 
81 362 376 492 809 
122 236 349 408 746 
137 153 168 522 620 625 776 
2 20 449 808 968 
15 60 80 93 375 
68 143 163 593 639 
4 39 532 816 
50 429 472 478 789 
5 14 31 253 924 
181 251 328 396 873 925 
10 258 278 463 509 
33 117 174 430 918 925 
4 100 373 429 486 
29 31 153 867 941 
138 177 280 308 733 921 
3 10 295 402 753 849 
2 56 116 759 885 
46 201 260 711 873 
26 62 140 196 200 
51 135 189 468 764 
55 84 258 420 512 
21 65 156 278 855 
1 120 191 562 
29 47 96 220 438 
2 13 14 423 754 862 984 
28 276 296 309 519 
40 139 155 465 563 
4 167 174 398 891 
4 9 27 143 900 
152 262 695 721 725 748 756 
18 37 75 348 354 
216 487 512 630 632 
126 138 224 347 811 914 
34 62 196 317 770 807 
25 58 403 489 677 
86 420 509 596 965 
4 5 430 523 662 
31 183 413 489 673 
30 138 482 623 912 984 
7 20 58 909 1017 
29 44 121 374 593 
30 267 459 460 869 
13 152 214 595 736 
