2048 7005 0

1 
1 2 1241 
1 3 
1 
1 3 213 
2 4 6 
1 5 
1 2 5 
1 6 
6 7 
1 6 7 1035 
1 6 7 283 
4 6 8 1947 
8 10 11 618 
1 2 
1 4 10 
1 4 7 
1 7 10 1878 
1 10 15 
12 16 19 279 2036 
1 2 8 1155 1160 
1 8 10 
5 7 16 212 710 
1 7 10 
1 13 22 
2 16 26 
1 24 27 
2 21 26 
1 2 
1 6 7 
5 7 28 
1 7 16 
1 5 6 
1 12 19 1859 1991 
1 27 34 
1 2 21 
1 512 
4 31 37 
4 7 26 1344 
6 12 22 1532 
20 27 31 
1 5 20 
7 13 38 1937 
2 6 27 
23 41 43 
1 12 46 575 
7 12 15 707 
15 22 27 
1 2 15 
4 44 46 990 
4 12 14 
1 2 14 256 1041 
1 16 30 
1 2 5 
1 11 29 
10 21 37 1241 
5 11 50 
7 30 49 684 1459 
27 31 57 251 1531 1726 1875 
5 9 10 
1 6 25 1971 
2 9 31 
2 12 
1 7 29 
1 11 31 
16 25 41 
6 22 51 558 
1 51 1917 
2 6 10 1932 
1 40 48 
1 5 
1 20 41 357 720 
1 15 17 
1 12 46 1904 
10 11 38 1027 
5 13 34 
1 19 37 1088 1172 1934 
1 21 41 
15 43 73 499 
21 44 67 1357 
1 2 12 1641 
5 7 49 
26 48 55 
7 15 39 
56 62 70 
7 12 22 1452 
4 58 73 783 
20 34 50 
7 19 70 924 
20 34 45 
2 25 85 
1 15 89 
2 30 51 
37 46 77 1639 
5 19 72 1511 
7 28 80 650 
13 33 76 
1 2 6 
10 19 64 
1 15 98 982 
1 2 7 1926 
7 26 72 
2 5 100 1930 
1 11 64 1775 
25 31 95 
9 20 78 301 1304 
34 64 80 1259 
1 41 1159 1554 
16 18 63 
15 31 104 1038 
5 7 21 1433 1810 
1 2 94 
1 31 95 
1 7 
11 12 114 
4 16 51 
23 61 63 838 1626 
35 45 66 190 
7 16 62 
33 76 119 856 
12 22 46 
2 5 11 1749 
2 18 511 
1 75 85 119 
29 53 69 1834 
1 69 79 1059 1894 
11 63 96 1468 
1 34 89 1189 
1 63 96 
43 114 1849 
1 10 38 
24 85 130 705 910 1817 
1 3 22 
1 3 85 
33 81 111 221 1078 
6 10 107 
1 69 654 
57 61 63 
14 25 
6 12 18 218 1897 
22 73 98 
1 26 98 
2 6 21 
10 19 40 
2 15 50 1106 1528 
1 15 125 
22 34 48 
6 52 107 744 
15 104 106 
4 46 100 
7 28 41 287 1923 
6 15 127 132 
72 107 126 
1 6 7 
96 119 137 
1 15 142 2039 
1 29 89 
2 11 126 
69 88 102 
1 49 
1 106 157 597 
40 110 141 
23 37 94 1409 
1 6 69 
23 76 155 670 
1 19 162 
1 4 167 
26 133 134 
22 77 114 
5 23 101 
23 98 125 
59 107 125 
30 106 114 1616 
5 144 152 552 
1 2 51 1923 
54 113 171 
64 80 91 
98 114 136 
9 30 103 146 
14 167 173 
21 37 86 
1 10 76 
5 109 180 
75 95 130 926 
4 41 67 
26 43 109 
19 21 41 306 1186 
26 106 173 
27 68 134 
1 19 438 
1 54 104 459 
20 26 178 411 1656 
1 52 125 
69 76 80 1354 
20 77 123 
86 144 185 215 1679 1886 
6 31 37 
10 61 115 
123 150 991 
11 25 126 
2 77 148 639 
31 34 56 
122 160 171 1434 1559 
1 21 134 
12 37 96 
60 121 190 1074 2003 
10 11 91 1896 
2 130 171 
1 2 10 1166 1303 1862 
8 54 80 2002 
29 76 107 
7 15 94 1158 
42 186 192 
19 31 102 
1 23 46 1625 
27 106 108 586 
11 55 164 
123 125 190 
1 12 1005 2007 
15 41 110 
30 57 69 1787 
1 131 173 510 
22 30 85 971 
2 164 
4 5 169 
33 160 164 
63 144 200 
76 205 
2 64 91 1548 
46 108 131 
27 46 101 
5 40 41 
7 17 29 
3 7 121 
7 41 115 1942 
15 23 166 457 
42 69 138 
12 61 192 
11 23 140 1113 
13 89 223 
6 40 76 
6 127 205 
65 192 215 
12 30 126 
16 25 113 
21 35 192 766 
30 188 211 998 
3 22 225 
42 54 211 
3 103 162 747 1404 
7 9 141 960 
1 217 227 1724 
77 118 211 592 
18 43 91 
1 55 134 1162 
1 114 119 1983 
39 41 190 203 1894 
15 72 123 
139 174 176 
11 64 81 
23 45 77 1299 1471 
63 125 237 
30 63 205 
3 22 92 
43 58 129 1701 
1 11 76 933 
4 90 199 1267 2033 
5 25 101 
33 126 191 
1 11 
22 43 147 
4 15 135 489 
7 9 30 
45 91 218 
31 128 164 
2 3 130 
21 76 133 
4 64 197 
26 37 136 1885 
6 276 
1 33 34 206 1946 
6 31 126 1653 
6 72 123 
44 66 187 
6 10 29 
19 33 114 
1 2 10 
11 15 25 312 2032 
95 121 170 1306 1385 
1 91 240 1734 
24 49 69 
44 167 286 
46 107 124 
1 4 69 
113 166 216 
56 255 275 
23 96 176 1722 
82 151 245 
1 62 286 
80 153 261 
106 196 217 
5 22 114 
1 53 213 
144 257 262 1117 
9 82 268 
9 94 216 1395 
73 145 166 759 1030 1356 
94 128 182 
12 41 43 
1 76 89 
1 23 296 
1 11 15 
7 37 98 
1 16 311 
42 96 141 
1 4 199 
1 94 134 
76 138 243 
1 6 69 1754 
37 131 258 
4 34 88 1716 1773 
26 53 253 1550 1719 
51 235 309 
1 30 198 1775 
2 125 250 
14 20 179 
2 165 274 288 
6 35 193 675 
30 76 165 
7 21 89 
1 43 288 
1 106 170 
80 143 277 968 
111 138 291 
1 3 270 
32 85 104 1571 
43 123 266 1954 
26 75 97 
6 25 40 1683 
4 26 170 1287 
6 37 57 287 
104 167 183 
6 25 196 
102 162 320 
59 153 183 
6 10 130 
15 205 237 
2 15 132 569 
80 127 281 965 
56 109 136 1813 
30 55 149 
1 113 252 
2 3 9 871 1684 
4 31 114 
7 170 227 
7 11 70 
3 43 171 
1 12 16 1191 
4 19 45 
16 29 119 1441 
27 60 76 
22 154 273 
1 326 360 
2 7 186 
42 241 245 
10 223 276 
21 53 316 
26 34 319 1690 
71 211 234 1646 
1 91 112 
201 286 331 1637 
3 131 225 
26 33 106 729 
4 16 245 
27 45 363 
10 88 113 
5 13 171 
42 60 85 1986 
2 3 59 
21 320 365 
136 219 299 
7 27 1683 
11 134 257 1547 
15 45 162 
111 217 271 
103 222 238 985 1584 
16 174 258 291 
21 22 329 710 
1 5 
94 174 187 
22 54 169 1932 
104 109 363 
2 205 354 
1 66 72 
19 106 226 
63 72 174 281 
1 2 91 
1 204 364 
6 208 372 884 
92 217 221 1310 1885 
17 108 253 
20 94 344 
34 51 138 
6 126 154 
96 136 144 1970 
2 23 49 
3 41 76 
33 114 191 
13 41 123 620 1752 
19 51 222 1881 
142 230 327 454 
76 114 363 
55 174 322 
11 62 154 1140 
12 192 240 
15 361 410 
1 3 172 378 
5 69 250 922 1129 
132 245 378 882 
2 3 279 
1 45 211 
6 115 327 
22 92 180 
1 104 137 
34 186 190 
6 226 377 
1 27 291 
33 55 406 
21 27 57 
6 242 428 
136 226 234 270 961 
4 149 227 1643 
1 8 122 
41 64 342 
15 179 377 
4 188 205 1581 
9 31 88 
1 34 98 
32 54 269 444 
2 51 351 
1 12 154 973 
1 23 31 1104 1998 
110 158 397 417 
1 152 431 1264 
100 308 328 
59 134 
1 160 388 1144 1347 
15 227 247 
22 218 250 
10 15 261 
217 397 445 
1 41 434 
57 190 225 
76 362 388 
15 354 453 
1 77 185 
1 41 96 
5 143 239 1052 1184 1264 
122 225 273 
53 58 434 
76 225 426 
2 6 412 
1 84 119 
49 299 362 
22 43 352 
1 31 425 
4 95 113 
110 149 367 
12 273 388 
2 6 302 
1 16 292 
21 211 267 1100 
5 123 251 
9 144 376 1049 1908 
1 44 81 
6 208 276 1353 
4 142 362 
84 200 420 
37 75 178 766 
5 96 127 223 
1 37 56 
187 363 386 686 
60 142 192 449 
109 254 421 
84 404 412 
1 23 354 
49 275 340 
9 23 101 
1 23 144 1773 
6 16 44 
104 204 233 369 
1 169 329 
14 21 26 1160 
3 32 176 808 
228 245 439 
5 16 240 
4 5 72 
171 217 272 
9 188 393 
24 43 107 
1 40 277 280 
127 201 414 
123 173 383 1624 
92 126 418 
1 48 119 
60 101 127 1651 
73 174 413 1672 1697 1878 
150 291 484 
1 145 501 1110 
31 225 457 
66 166 181 226 
122 238 291 
26 45 131 
43 107 235 
11 102 269 
1 6 381 
5 217 274 
6 405 511 
73 75 379 
14 25 429 
1 146 174 
1 173 227 
1 2 43 
8 257 317 957 1674 
26 125 451 1799 1902 
17 186 205 
170 495 498 
1 11 278 
6 192 250 
76 104 289 
1 247 445 1530 
3 30 103 1279 
24 59 76 
12 35 43 
8 17 19 1533 1605 
76 96 401 
1 63 272 
37 142 160 
1 7 46 
40 55 309 760 1901 
1 103 127 1579 
29 352 367 1406 
4 173 485 1381 1444 
1 4 25 
63 160 326 1360 
1 55 368 
52 219 323 393 519 
41 87 377 
1 114 429 
1 5 124 
6 43 256 
87 128 352 
41 55 75 
27 185 249 
137 160 216 1573 1720 
65 164 192 
1 136 425 1898 1962 
53 95 289 
32 137 412 
174 338 406 
67 161 166 1281 
15 184 256 878 1918 
114 158 356 520 
125 305 495 
1 217 302 
40 197 229 
297 298 528 
26 98 475 
55 86 261 
3 32 385 
20 215 533 
9 76 483 
105 423 561 
180 555 570 1254 
2 22 234 
44 190 392 408 
19 105 211 
1 22 82 1974 
2 31 414 
43 46 155 
91 444 540 
15 16 81 
9 80 301 
4 117 418 1541 
32 266 
51 131 132 
16 179 475 697 
22 43 406 2048 
41 317 383 1040 
23 439 530 
1 77 205 1050 
7 101 141 
10 119 225 
15 66 329 1879 
1 217 528 
2 46 201 1135 
73 75 225 
37 501 542 1081 
94 392 435 
32 72 237 
230 361 545 
239 527 591 
173 238 557 
358 506 561 566 1330 
2 186 316 1670 
5 37 204 1898 
6 132 191 820 
5 310 512 
231 412 423 
4 190 376 1108 
152 189 239 
2 19 41 
182 235 334 
91 226 268 1110 
151 321 329 
98 240 245 
49 51 586 1415 
42 81 316 2035 
6 109 463 
81 424 
131 318 496 1985 
30 184 405 
1 138 245 
1 17 192 
31 331 623 1520 1826 
4 5 63 
8 84 164 197 751 
353 591 615 
41 303 510 
1 173 495 
1 32 385 
1 440 533 
10 261 309 
1 3 6 
33 37 130 2009 
10 81 567 1214 
77 101 116 
1 51 338 
353 365 466 2033 
10 166 217 
109 111 540 
18 141 626 1559 
360 367 553 
1 338 458 892 1150 
38 347 
22 88 359 
131 440 478 
41 80 109 1862 
136 480 522 1733 
69 162 209 245 
55 164 475 
9 37 96 1544 
1 409 621 1052 
207 615 617 
9 73 93 931 
17 21 488 
25 226 565 
177 196 531 
40 127 227 
195 463 629 
188 517 578 1223 
127 375 525 
90 212 615 
15 19 141 
1 114 644 1820 
31 412 641 
139 220 420 
15 22 420 
1 190 385 
16 40 268 
3 31 354 1246 
151 155 186 
1 80 211 
83 331 351 
85 254 628 
51 63 288 
19 77 315 
7 41 46 
216 297 373 
13 170 327 
7 174 489 1144 
3 266 508 
12 96 621 1684 
41 62 433 
51 95 243 
143 256 610 
261 533 556 
223 290 368 
16 192 452 
6 355 645 
433 580 688 
192 460 475 
2 10 501 
51 445 606 
51 166 591 
1 2 431 549 
1 29 114 1680 
54 279 383 1823 
125 268 331 
4 26 49 
177 388 587 
1 632 673 
63 257 271 791 1878 
41 354 674 1220 1396 1474 
243 405 527 
1 41 126 
1 417 568 
53 140 667 1040 
30 89 374 
15 24 331 1415 
10 34 566 728 
19 283 512 
5 14 665 1860 
1 62 173 
22 141 622 
1 209 533 
57 154 713 1820 
54 63 590 1699 
134 159 355 
19 197 210 
1 6 71 
1 430 676 
2 199 705 
81 207 649 886 1771 
7 304 347 
3 10 167 
49 58 63 
66 537 626 1302 
327 516 561 
2 145 472 1530 
376 499 676 1415 2036 
577 607 687 1995 
17 112 387 
153 288 630 
2 6 108 
12 75 104 
11 122 668 
73 111 468 648 
1 85 516 
290 573 603 1626 
6 91 518 
191 545 738 1416 
142 343 596 667 1367 1677 
22 76 189 667 
68 164 687 1770 
39 190 580 1372 
190 226 463 
28 160 556 
17 288 540 
1 26 562 
471 552 559 2015 
3 471 1661 
82 126 319 
87 138 610 
247 412 741 
54 150 156 
2 122 491 
225 237 447 790 
1 240 581 
119 129 751 
18 269 635 
15 508 645 2009 
10 183 268 
76 174 574 
316 321 448 
15 707 716 1684 
44 125 420 
11 101 430 
37 329 648 
10 171 211 2019 
6 67 79 
20 541 708 
5 34 693 728 
118 273 478 
41 354 405 994 
41 60 119 
1 212 605 
199 268 420 731 1501 1715 
2 7 89 
111 114 576 
1 76 454 1496 1969 
139 456 543 
260 351 440 
11 43 696 
139 217 504 
37 95 126 
294 309 344 366 
10 89 161 
15 75 534 
25 27 452 
63 144 354 698 1095 1467 1605 
35 41 364 1642 
16 27 483 
1 238 262 
387 432 668 
166 170 293 756 
72 192 637 1454 
1 85 739 
5 24 768 
126 220 396 1978 
92 193 617 
167 226 433 1053 
212 266 759 
19 23 443 
22 56 756 1777 
41 66 266 
4 209 633 
198 551 610 1883 
6 97 706 1371 
30 489 605 
41 43 314 
7 57 317 
31 81 506 
457 630 684 1890 
78 117 127 
57 379 527 
1 84 1599 
85 196 409 
1 473 688 
5 19 479 
12 22 51 
7 98 252 1842 
40 647 771 1578 1987 
266 357 640 1667 
65 372 772 
218 223 371 
5 212 531 
1 256 659 
66 552 573 808 
5 40 665 
57 182 217 1148 
55 245 432 1311 
50 238 308 1438 
128 541 596 1701 1781 
236 338 534 
2 537 675 
17 360 590 1215 1442 
10 104 630 1804 
55 113 171 1348 
137 591 749 
231 259 694 
96 522 617 1346 
406 472 814 
1 63 122 970 
7 414 776 
77 83 192 
3 116 216 569 
76 245 329 
99 508 661 1665 
395 718 827 
38 63 730 
1 37 279 
8 81 153 
69 99 676 
139 266 634 656 
141 143 571 
22 216 606 
129 152 267 
377 420 614 
1 16 137 
2 6 755 
11 36 92 
37 134 165 1477 
1 400 416 1692 
1 12 327 
77 108 126 
46 129 459 1768 
71 508 860 
164 283 636 
59 98 105 
2 34 364 
1 105 302 371 1623 
2 33 134 
1 218 248 
47 79 331 
1 280 553 1213 1745 
6 182 603 2002 
20 227 621 
1 22 104 1168 
380 734 818 
27 344 860 
1 73 95 
75 316 528 1783 
89 734 837 
276 435 440 947 
125 638 769 
59 109 204 931 
5 215 777 
190 313 866 
31 354 661 
7 349 803 1772 
278 595 787 
3 111 532 
26 223 445 1909 
2 39 149 433 830 
223 255 731 884 1255 
164 490 497 
1 39 85 410 
388 505 514 1773 
245 478 835 1015 
18 784 859 
517 674 769 
66 551 567 1335 1796 
76 172 423 
7 63 819 
64 446 464 625 
70 197 752 
6 128 366 
10 69 636 
37 52 474 739 
52 160 245 
7 150 294 1967 
1 88 163 1271 1685 
126 533 640 1823 
689 757 832 
15 22 563 
268 489 644 
41 71 371 
327 644 805 
87 604 610 851 
144 171 179 
319 417 463 
1 24 135 
1 51 566 
28 440 689 
51 71 106 
1 5 842 
158 617 714 
54 89 826 
261 355 363 
130 180 627 
49 204 513 859 1722 
3 240 351 
118 570 900 1409 
38 232 812 
2 5 21 559 
30 86 800 1739 
2 244 556 650 
11 173 174 
1 220 363 
1 7 76 
202 506 715 
98 101 754 
231 409 426 1440 
9 76 432 1320 
4 101 251 995 
385 604 754 1061 
477 587 755 790 
335 639 657 
1 126 232 
21 76 779 
1 23 29 2029 
12 509 944 
29 362 802 
7 522 740 
164 367 576 1783 1952 
59 493 527 
104 468 799 
1 331 819 
14 53 456 1732 
2 245 596 
339 402 615 842 2001 
1 27 
54 148 353 1861 
120 492 745 
6 166 385 401 
75 386 773 
44 381 606 1438 
4 227 240 
26 216 389 925 2015 
1 57 714 
46 150 502 
217 798 809 
73 209 543 
29 297 329 
1 356 
111 741 813 
420 716 721 
15 83 916 
2 39 866 
79 224 574 859 
63 94 706 
7 265 830 
245 629 794 
205 574 900 1103 
7 36 60 
5 269 525 
26 63 461 
213 355 672 
21 351 713 
814 907 925 
97 231 432 1999 
1 225 459 
87 107 160 1985 
518 835 958 
245 566 699 
347 720 753 1188 1722 
362 694 733 
17 160 318 901 
21 162 289 
99 670 714 1700 
2 194 476 
13 167 911 1227 1628 2029 
104 127 574 
1 584 666 
26 218 323 
42 267 622 
30 603 821 1661 
76 269 772 
1 71 439 
13 200 249 
102 442 580 
81 253 369 
1 609 1000 
116 492 577 
4 329 377 1912 
85 469 692 
318 733 742 
13 141 235 
8 102 327 
1 81 189 1865 
109 243 597 
128 538 708 
45 253 458 
38 55 107 
431 511 811 1924 1963 
84 673 842 1617 1826 
353 482 944 
24 42 657 
22 824 903 
1 144 164 
1 8 12 
249 535 639 
152 713 803 1773 
146 196 476 1948 
15 380 899 1690 1811 
12 471 660 
62 497 606 1616 
1 80 1322 
6 95 1029 
5 47 613 
2 219 353 
360 553 832 
125 342 387 
130 513 522 
112 161 877 
1 63 566 
10 27 434 
218 247 340 
4 11 269 
196 560 905 1662 1952 
118 871 911 
10 47 879 
89 94 423 1849 
362 828 839 
111 657 797 
446 831 900 
17 196 783 1448 
1 21 146 843 
44 223 398 1819 1898 
20 406 429 
2 267 923 
96 174 391 550 
41 111 482 1713 
100 357 758 1753 
13 101 408 1495 1564 
41 775 1025 1026 
3 811 
39 371 850 1768 
25 171 978 
43 385 540 
11 759 945 
1 105 253 2015 
38 268 523 761 
93 398 435 927 1820 
5 44 739 1552 
9 447 873 
72 79 819 1568 
7 395 603 1665 1743 
7 32 325 587 
55 96 616 
376 428 836 1718 
52 105 981 
76 86 466 1162 1471 1558 
53 73 132 
95 648 767 
1 5 7 
38 41 63 950 1331 
489 736 761 967 1097 
143 167 346 
31 745 996 
32 99 263 
25 275 727 
23 31 245 
137 154 413 
19 37 578 
1 23 167 1436 
237 761 1055 
600 709 800 
317 540 926 945 
15 289 873 
15 643 956 1464 
60 294 376 
189 195 713 
1 9 71 422 
31 993 996 1387 1423 
99 759 1006 
154 276 735 
107 189 792 
3 125 320 1764 
134 261 412 
34 120 357 422 
5 105 188 
14 139 171 1748 
1 130 312 
22 553 1021 
98 420 760 1362 
11 73 197 
166 190 297 
86 115 392 
1 375 521 1192 
5 12 123 
1 116 488 1279 
590 739 869 
9 192 376 1212 
167 170 549 1156 
128 171 291 650 
283 734 872 
385 917 1067 
51 247 311 930 
43 199 511 
39 40 170 
1 46 436 
144 224 557 
34 182 212 
424 766 942 1739 1888 
1 71 906 
81 99 444 1081 1815 
23 132 351 
62 76 268 
1 21 342 1850 
73 85 200 
269 346 568 
5 152 351 1697 
282 328 905 1706 
408 510 525 
206 563 1025 
87 114 126 920 
130 759 1144 
23 63 1032 1047 
4 49 123 
13 222 247 1008 
274 673 818 
46 524 1028 1886 
27 149 898 2012 
193 307 634 
15 88 554 
433 815 1010 
78 446 1077 
86 162 207 
50 534 870 
1 727 807 945 
126 734 862 1328 
26 39 569 
908 958 1145 
216 321 942 997 
143 576 907 1328 
119 215 341 795 
55 105 327 
37 152 775 
1 302 498 
37 114 525 1507 1649 1935 
23 468 513 758 
57 204 232 1608 1646 
295 745 1084 
109 466 889 
106 695 1079 
15 63 71 
164 363 776 1049 
739 883 1121 1496 
33 342 
329 877 945 
10 149 242 
353 423 499 
19 404 548 
196 351 683 
34 160 462 1017 1849 
261 276 585 1486 
2 276 579 915 
141 406 620 
7 217 247 1484 
7 104 588 
7 113 1014 
21 451 1006 1070 
2 7 11 
60 412 475 
10 15 532 
7 72 119 1711 
347 514 661 
32 284 868 
276 427 524 697 
38 388 1056 
371 552 555 
433 512 563 1733 1976 
278 837 979 
28 212 1058 
1 604 903 
341 366 566 641 
1 15 98 
116 823 897 1158 
32 158 361 
225 312 488 
19 69 1060 
1 204 1104 1408 
3 333 1051 1949 
2 706 874 
152 196 259 
76 83 903 
1 6 424 
6 41 797 
7 370 1042 
164 316 851 
215 458 926 1660 
15 498 610 
95 773 1192 
353 713 908 1126 
34 460 995 1347 
126 363 708 
227 458 479 
551 830 1072 
321 993 1077 
12 22 992 1512 
128 445 828 
82 134 446 840 
176 245 1097 
19 46 354 
628 735 751 
1 288 319 867 
71 122 1080 
76 568 807 
105 653 1039 
42 709 871 1348 
6 128 253 
31 173 766 
46 72 329 
7 287 1237 
1 376 1161 1231 
97 610 773 
30 77 944 
8 361 761 1263 1283 
9 47 254 
37 474 752 
1 1128 1238 
365 387 740 1361 
10 457 729 1367 
49 220 800 1096 
360 420 
5 318 577 
1 923 1248 
448 450 1023 1799 
250 350 378 
21 262 467 
2 29 55 1636 
15 41 217 
262 361 1227 
32 256 352 1392 
1 45 177 
2 46 212 1825 
79 1152 1163 
9 255 703 
1 82 96 1692 
129 137 1265 1640 
1 14 1078 
59 77 105 1545 1809 2044 
71 192 969 
2 3 287 1784 
228 408 512 590 1743 
33 239 405 
3 15 1015 
146 350 361 
1 8 96 
17 1170 1253 
127 873 1050 
232 787 788 1018 
7 211 768 
1 63 96 
16 903 936 2002 
124 129 166 
1 192 596 1813 
63 598 1214 
6 73 77 945 
119 463 937 955 1007 
21 201 272 
60 275 917 
253 356 459 1124 
1 385 542 
1 14 454 
255 787 1087 
125 892 1244 
8 84 1234 1576 
39 1118 1270 
49 73 613 
66 393 1298 
1 79 317 407 667 
689 725 789 
5 769 918 930 987 
260 771 914 1110 
8 125 225 
12 216 221 1321 
16 723 1227 
76 727 846 
22 493 1210 
223 621 1174 1728 
62 189 273 
102 312 511 1876 
542 553 556 
7 71 254 
39 227 312 1027 
1 637 1265 
2 778 797 
94 335 394 985 
30 315 448 
28 52 237 1283 
192 450 885 1145 
275 352 373 1898 
56 862 1225 
50 101 903 
160 492 1019 
212 220 498 1395 
3 109 511 
1 3 170 760 
170 843 1029 
25 392 1305 
13 249 939 2027 
221 718 1156 1203 
431 696 1118 
22 239 457 1119 
10 619 955 1123 
37 383 553 898 
59 456 565 
111 145 977 1439 
182 361 390 
34 63 1168 
54 365 1062 
99 558 1285 
256 302 360 
126 615 973 1127 
1 21 1153 
21 69 99 
46 221 1308 
40 786 1061 
56 338 1126 1428 
22 506 1253 
77 380 478 1573 
2 981 1239 
4 639 714 
6 52 292 602 
129 859 1265 
14 539 923 
7 32 270 1408 1633 
7 649 1171 
6 177 733 995 
123 129 265 
1 11 908 
171 216 577 834 1171 
314 1021 1163 1714 
41 288 343 1108 1718 
1 6 274 
126 597 743 870 1819 
3 347 1350 
2 59 569 1001 1861 
7 69 85 
4 158 378 
40 58 187 
12 37 691 1428 
55 166 167 
171 606 943 
11 544 918 
145 554 983 
12 314 1261 
170 993 1327 
176 308 940 1357 
498 1069 1161 1207 
1 78 1176 
1 334 966 
25 534 757 1154 
307 1176 1227 
90 107 206 
46 173 192 
404 726 1271 
26 446 986 
1 114 1078 1481 1956 2010 
72 847 1299 1825 
32 63 242 
45 46 426 
219 427 621 1721 
107 677 799 
10 344 999 
2 43 659 
17 1000 1277 
37 338 1244 
2 66 1163 1902 
433 553 812 1678 
11 32 264 275 
1 144 783 
33 132 153 1572 
94 331 918 
73 312 1202 
6 84 1182 1493 
13 164 318 
41 102 1337 
15 604 1271 
153 184 519 1165 
44 694 926 1416 2012 
211 408 1197 
7 46 639 
217 553 1090 
200 343 669 
500 619 800 
2 994 1354 
23 193 278 
25 273 416 
266 343 833 1113 1369 
23 141 363 
280 665 1049 1875 
42 170 861 
50 368 373 
37 65 861 1187 2013 
3 37 46 
327 583 851 
4 7 622 1900 
15 247 862 
345 577 698 1191 2017 
20 455 547 
134 734 1261 
82 217 527 
43 216 327 1992 
62 679 1250 1533 
179 489 1130 1799 
113 114 712 
20 71 566 1507 
3 125 1178 
353 857 1442 
111 873 1088 
121 1067 1167 1711 
189 212 966 1459 
11 1169 1218 
403 767 1028 
3 400 720 
179 357 946 
160 295 437 
5 371 1162 
333 569 1025 1700 
99 142 534 
260 522 784 
41 102 893 
3 70 519 1679 
142 506 614 1790 1838 
5 17 46 1764 
748 1041 1405 2000 
81 510 581 
219 807 1111 1385 1966 
503 924 1071 
155 1090 1136 1354 1848 
387 677 1161 1605 
160 842 1138 
1 123 842 
99 513 1466 
72 76 645 
19 73 1227 
27 716 843 
149 757 926 
745 797 996 
1 342 769 
19 72 1058 
7 1278 1283 
1 974 1299 
109 113 1223 1250 
26 65 1427 
316 736 763 
186 1096 1113 1228 1754 
273 703 1051 
27 474 1001 
115 574 997 1137 
1010 1145 1420 
1 130 631 
333 515 599 1533 
676 995 1374 
250 357 901 
273 291 482 743 
174 200 434 
1051 1176 1211 1688 
7 216 251 1530 1576 
310 622 832 
15 165 982 1742 
2 76 910 
10 16 106 1669 
71 72 168 900 
342 546 628 1149 1979 
43 476 1411 2017 
1 227 906 
140 290 1314 
23 27 45 
21 189 317 
78 925 1271 
58 111 814 1780 
3 80 122 1789 
77 130 1272 
4 43 385 
77 216 718 2025 
795 976 1204 
81 134 624 1578 1784 
29 434 690 
41 529 878 1275 
76 229 1083 
126 507 1444 1445 
64 557 1101 
996 1164 1419 
18 216 1062 
94 145 1191 
355 821 858 
2 46 168 1383 1445 1640 
106 253 780 
5 34 649 
1 847 1066 
69 369 625 1454 
812 1221 1324 1489 1629 
27 45 132 
3 29 190 
12 60 621 
6 659 1396 1720 1948 
431 474 1189 1888 
776 983 1505 
71 253 336 1748 
31 286 689 
249 588 1384 2014 
907 1488 1535 
75 257 1066 
41 428 1714 
494 610 1497 
3 1077 1235 2048 
25 28 668 
408 916 1102 
1 327 659 1952 
11 446 806 909 
448 639 900 
126 974 1374 
5 12 1031 
1 226 1359 
114 126 813 
70 192 284 
52 107 1344 
258 496 1309 
7 926 996 
1 170 1020 1838 
1 95 724 
32 142 1199 1434 
215 530 1534 
7 320 428 
1 87 129 
1 19 62 1193 
46 220 661 
2 23 182 1412 
101 364 641 1892 
104 107 1139 1263 
40 215 837 1166 
106 548 1009 1017 1230 
44 534 940 
196 916 1475 
200 823 1163 1815 
117 266 1162 1214 1644 
81 104 1353 1415 
276 1133 1505 1848 
484 1089 1201 1334 
47 51 70 
12 1351 1473 
31 247 340 1582 
168 557 1024 1486 
302 751 1215 1865 
139 188 231 
42 270 1108 
34 373 491 1409 1422 
71 109 757 
40 611 1409 
6 192 1515 
76 381 468 1461 1576 
7 172 555 1973 
196 424 534 
46 132 1584 
6 22 152 
1 115 182 829 
383 400 589 597 
266 679 895 1543 
9 43 485 
85 132 314 
75 814 1378 
136 574 1271 1404 
46 1001 1147 1229 
1 167 1217 
6 11 1053 
176 540 604 2034 
345 575 1339 1549 
11 15 40 709 
285 818 995 1176 1496 
15 899 1404 1482 
44 500 1379 
79 110 139 1494 
2 734 1244 
115 661 1091 1162 
14 146 775 
1 15 296 2014 
796 1004 1189 
87 338 1233 
171 357 401 
205 322 979 
1 22 351 
19 294 1431 
70 144 1556 
1 153 766 1156 
37 609 1305 1449 
904 1072 1200 2034 
12 14 22 
1 8 843 
420 608 1319 1376 
304 614 1405 
86 112 227 1830 
170 231 1507 
81 327 863 
489 628 1298 
19 1320 1509 
51 93 982 
26 28 451 526 1912 
688 741 862 
2 125 423 
1 492 1214 
4 535 665 1022 
39 115 1584 
529 872 1160 1410 
126 199 573 
9 214 452 950 
239 245 803 1925 
22 96 564 
261 512 656 
67 679 1033 
11 284 1436 1506 
10 335 380 
13 69 314 623 1805 
128 443 1609 
126 164 554 1538 1968 
18 137 1569 1929 
70 123 127 
153 458 889 
25 171 1521 
422 621 1337 
104 142 367 
5 152 626 
139 251 557 
1 377 591 
94 1318 1386 
5 6 1354 
29 34 1498 
372 956 1279 
419 778 807 1021 
11 849 1538 
755 836 1268 1607 
130 155 317 1602 
144 614 1211 
385 1337 1346 1348 
170 324 906 1518 
7 95 1340 
76 673 1309 
9 705 1234 1250 
1 134 1067 
4 379 985 
1 13 437 
20 367 991 
459 818 1238 1366 
267 494 850 
20 196 974 
134 136 1064 
70 98 1369 1662 
63 217 1631 
340 1294 1398 
21 249 1229 
917 1020 1217 1431 
151 173 596 
139 688 864 
46 497 857 
40 522 1250 
2 614 896 
42 140 318 
1 85 289 
19 46 220 
320 557 1173 
6 125 1420 1633 
352 1186 1452 
118 383 1360 
6 31 854 
1 76 378 
16 166 425 1271 
2 344 1146 
27 232 601 1780 
148 227 256 
126 608 1258 
250 615 1103 1372 1734 
388 780 1355 
488 501 752 1006 
15 662 823 
70 274 388 
921 945 1272 1352 
244 355 759 
19 545 676 1438 
487 974 1105 1742 
27 119 1356 1474 1680 
1067 1549 1663 1952 
43 394 1681 
5 181 556 
19 42 588 701 
9 18 354 710 
44 542 979 1547 1955 
1 318 334 
327 530 862 
111 186 493 
216 708 1055 
30 208 289 678 
11 114 123 
73 189 196 1739 
9 565 1305 
41 1524 1588 
30 659 1389 1533 
632 1079 1593 
44 494 534 1526 
5 78 1506 1888 
42 641 1527 
390 944 1318 1539 
232 375 1010 
491 596 1106 
10 96 152 
47 89 1092 
27 1392 1563 
155 210 361 
239 533 898 
2 46 621 1853 
10 171 352 
657 720 889 
1 4 354 
44 52 938 1581 
1094 1250 1686 1740 
9 1439 1566 
18 288 1220 1727 
1 113 850 1571 
882 1259 1507 
9 166 1380 
22 138 758 
45 338 366 
6 517 1562 
554 812 867 1664 
46 182 186 711 1673 
828 1341 1456 
46 318 925 
217 236 1386 
15 462 1051 
6 126 665 
214 228 1368 
1 46 615 
204 334 722 879 
304 471 1096 
813 1159 1327 
148 266 891 
10 566 1379 2021 
15 135 1239 
5 30 357 
13 262 919 
954 1049 1138 1335 
76 378 1658 
63 71 945 960 1961 
256 347 724 
1 667 1119 1281 
102 982 1464 
676 1174 1468 
843 1202 1441 
76 125 170 
482 570 692 
73 372 476 
517 883 1388 
466 489 647 
275 809 1498 
96 111 555 
5 265 711 1283 
37 177 1607 
674 745 1491 
42 473 1344 
272 420 1508 
23 92 196 
1 201 1538 
1 99 354 
382 832 1612 
468 984 1095 
1 686 1473 
406 1003 1453 
210 237 861 1501 
33 887 1299 
22 794 1209 
20 321 667 1347 
251 455 1239 
278 684 1227 1301 1581 
120 273 1306 1987 
340 493 1302 1630 
6 249 1394 
187 656 897 1032 1195 
164 197 1300 1846 
1 190 374 
38 102 147 1555 
7 431 570 829 
6 269 1160 
40 220 655 
149 289 793 
150 520 1571 
151 394 1353 
217 958 1396 
26 159 176 
82 1464 1472 
361 879 1738 
28 121 348 
46 558 635 1815 
226 916 999 
430 578 836 
196 390 889 1159 
76 713 1400 
114 1242 1583 
45 519 554 
154 1359 1405 
386 580 1160 
77 899 1074 1250 
227 522 1214 
6 27 1122 
24 69 751 
22 920 1192 1483 1921 1927 
14 807 1120 
2 9 1601 
173 938 1475 1485 
14 819 1230 1253 
291 999 1038 1351 
89 1043 1432 
89 1004 1782 
15 183 1546 
325 1206 1636 
53 830 1016 1287 
27 37 1234 
1 21 223 
59 69 315 912 1953 
104 388 545 1063 
202 303 540 940 1406 
8 104 1402 1739 
144 252 555 1235 
506 532 761 
266 817 990 1697 
686 769 1301 1339 1577 
150 305 388 
496 535 1298 
130 701 1111 1527 1839 
1 1513 1681 
948 1419 1697 
10 126 1255 
31 918 919 1864 1868 
772 875 1749 1888 
12 729 1182 
352 1297 1709 
357 548 1537 1930 
22 751 1227 
1 1344 1382 1683 
3 107 200 
195 1543 1691 
1037 1643 1802 
6 288 1333 
51 1380 1497 
141 213 285 656 1805 
16 1132 1247 1516 
171 797 1850 
97 216 1474 
71 196 1804 
98 130 835 987 
24 1260 1498 1888 
174 591 1467 2014 
59 381 705 1669 
1029 1264 1708 
105 192 1227 1992 
321 1552 1782 1854 
37 496 1364 
98 519 1267 
64 794 1126 
423 1191 1548 
31 36 37 1254 1587 
1 79 101 473 
80 904 1095 1902 
508 639 991 1880 
351 706 1248 
8 778 970 1548 1963 
126 955 1069 1549 1629 
214 1007 1130 1891 
292 1139 1281 1952 
76 250 
755 1333 1858 
15 228 768 
187 205 456 1348 1669 
114 527 720 
144 261 476 
192 264 609 742 
31 705 1246 
24 256 1257 
97 223 1831 
5 395 1441 
223 454 1474 
96 145 1347 1382 1793 
4 608 764 1773 
225 836 1086 1711 
1160 1193 1393 1657 
644 683 1319 1612 
110 920 1177 
792 972 993 
87 808 1042 1133 
15 54 663 1485 
1097 1171 1786 
8 212 1646 
78 582 887 1227 
656 727 1634 
4 502 1091 2009 
2 439 1727 
565 801 1699 
15 362 914 1392 1582 
53 119 1355 
188 323 1793 
62 812 1069 1520 
495 759 1055 
60 202 678 845 
7 8 1254 
740 807 1045 1128 
81 610 976 1426 1840 
347 482 1078 
99 367 925 1748 
1 1058 1137 1351 1885 
61 714 1302 
1 12 1824 
871 1244 1493 
101 648 1484 
7 477 648 
72 108 990 
75 498 581 737 2004 
126 599 1148 
291 487 793 1327 
367 668 898 1739 
10 373 834 
201 1014 1389 
1 4 718 
220 1160 1499 
775 862 1031 
4 20 1271 
4 42 193 1361 
11 905 1519 
2 28 310 
373 375 1459 
3 160 431 1815 
33 585 1516 
359 1192 1452 
84 114 1767 
6 259 985 1196 
1 81 516 
114 513 1004 
288 958 1394 
1 823 895 
95 1062 1185 1839 
193 688 847 
644 906 1606 
216 369 1045 
408 410 807 
115 165 1769 
126 727 1805 
152 564 754 1037 
347 1281 1580 
136 282 1326 
312 946 1551 
6 57 72 
76 379 994 
32 107 318 1675 
77 495 603 1141 1234 
431 659 1379 
25 331 876 
374 595 1838 1855 
367 401 1329 
251 451 974 
328 987 1697 1982 
204 256 463 
127 217 487 
31 387 769 
164 1182 1558 
66 102 302 785 
214 382 673 
173 974 1046 
54 209 379 
32 203 463 
6 1375 1984 
20 26 1352 
1228 1468 1519 1527 
43 529 542 
166 321 1400 1434 
20 401 932 
2 19 465 1925 
1 99 1525 
11 288 617 1878 
772 1067 1418 
77 104 1227 
34 691 1221 
792 1259 1314 
82 190 1394 1646 
34 442 1647 
8 368 1147 
64 359 1037 1094 
186 379 530 
587 1304 1601 
5 372 1037 
43 907 1950 
76 142 218 
434 1084 1619 
222 881 1761 
1 83 677 
320 1485 1829 
196 488 1353 
489 1019 1367 
76 748 1226 1672 
106 149 1493 
41 76 1156 1552 
22 196 382 586 
15 269 624 
51 399 946 
166 683 991 
222 238 542 
165 1151 1589 1718 
13 946 1400 
101 109 862 1811 1881 
115 176 644 745 
19 697 1220 
6 336 1763 
21 418 504 
781 1090 1345 
473 1634 1767 
1 528 651 
759 1514 1695 
