1024 9737 0

1 501 818 
1 2 81 846 
1 2 3 
1 2 3 73 920 
1 2 3 649 
1 2 3 
1 2 3 6 
1 2 3 7 785 
1 2 4 6 8 87 759 
1 2 3 6 9 10 607 
1 2 3 4 10 213 
1 2 3 4 6 8 62 458 469 674 813 858 
2 3 8 11 12 62 277 
1 2 4 6 7 115 564 
1 2 3 5 6 7 8 11 14 365 
1 3 4 9 12 897 1005 
1 2 3 6 8 11 15 998 
1 2 3 4 5 6 11 16 914 
1 2 3 4 6 13 286 979 
1 2 5 6 8 11 12 
1 2 9 14 17 439 
1 2 4 5 7 10 14 20 525 
1 2 3 4 7 8 13 22 
2 10 17 18 
1 2 3 6 18 23 
3 6 9 10 11 16 20 
1 2 3 6 9 17 19 861 
2 5 6 11 23 27 712 
1 3 5 11 13 15 28 197 
1 2 10 12 13 19 25 625 
1 2 11 17 18 19 23 26 366 600 
1 3 6 16 17 23 25 
1 2 9 13 16 18 19 28 425 
1 2 3 8 9 18 31 112 529 552 
4 6 8 11 19 21 23 160 
1 2 6 17 21 36 306 867 
1 3 6 10 20 27 29 36 944 
2 3 9 12 14 16 23 38 305 589 924 
1 8 11 13 15 17 22 35 298 513 
2 4 9 16 20 23 27 28 29 813 821 916 
1 2 8 13 14 15 19 23 38 
1 2 3 10 16 18 20 32 232 381 504 837 
1 2 3 5 9 13 20 22 32 89 
1 12 13 17 21 29 43 
2 3 4 5 6 7 8 11 43 
1 2 6 8 19 34 43 
1 2 4 22 26 29 30 
1 2 3 6 29 43 47 166 
1 2 11 12 13 20 21 32 120 748 
2 6 9 15 19 29 31 35 37 631 
2 3 4 7 14 16 21 25 30 
1 3 11 20 28 29 35 39 40 381 
3 16 19 29 30 34 46 
1 2 14 24 51 86 100 445 680 862 
1 2 5 9 16 22 25 208 
1 2 15 25 44 51 54 227 276 471 
2 6 8 25 44 46 49 391 
2 14 16 22 36 44 45 51 
1 3 4 10 28 31 33 53 411 
2 8 16 28 52 82 
1 2 15 21 36 42 
1 28 31 35 40 43 58 552 
4 8 14 15 16 25 44 49 52 
2 8 9 13 15 27 30 36 53 247 
1 12 14 16 19 27 40 522 
1 2 4 6 19 27 51 61 360 420 461 
2 3 6 8 13 36 60 64 67 995 
1 2 6 23 28 39 51 
2 6 8 14 16 21 23 53 68 
1 3 16 18 20 23 29 49 384 
1 2 3 16 20 21 22 858 
1 2 5 8 22 36 40 42 50 572 1017 
1 6 8 16 29 63 64 66 
1 8 9 16 26 35 59 63 
3 23 26 36 41 46 50 53 56 
1 3 11 25 38 48 49 52 229 911 
5 9 12 26 29 37 38 68 77 437 
1 2 21 22 28 39 42 54 62 111 573 
1 2 5 17 18 26 30 54 70 375 
1 2 23 26 37 40 47 73 595 
3 8 10 21 25 30 43 49 50 206 
1 2 3 4 9 16 48 61 
1 7 14 20 33 45 47 53 
1 2 6 11 19 28 44 55 63 
1 2 7 8 13 38 46 49 56 
2 6 22 27 54 77 78 141 650 1016 
1 2 5 12 15 16 27 32 35 879 
1 2 3 6 16 17 52 53 74 
9 18 22 29 45 47 50 53 77 798 867 889 
2 11 31 32 52 54 64 70 81 
1 2 20 23 54 70 90 
1 2 6 18 64 71 79 546 
1 4 12 15 29 30 48 65 71 680 716 
8 10 15 21 40 53 87 93 
1 2 20 23 57 67 71 75 160 970 
1 3 4 5 6 7 29 49 68 605 
1 17 29 39 68 78 84 85 96 
5 25 28 33 39 40 42 71 95 887 
1 3 8 35 50 56 60 69 702 
2 11 14 19 25 47 60 88 95 121 
1 5 6 9 15 20 64 65 
8 9 27 35 54 66 79 85 88 
1 8 22 40 46 54 60 82 85 
1 47 54 57 64 82 87 98 100 381 480 991 
2 11 14 15 16 28 29 100 745 
1 8 11 13 18 22 48 55 69 
1 2 6 15 17 24 60 80 
2 3 4 9 20 32 45 49 102 930 
1 2 16 29 32 48 59 109 
1 2 14 21 23 27 35 108 832 
2 3 11 25 32 68 69 73 95 
1 2 3 4 5 29 48 88 
1 13 26 36 54 59 71 77 101 
1 2 16 19 29 34 55 66 88 
6 13 19 25 54 75 80 88 108 519 1002 
1 3 12 52 83 85 99 
2 3 11 25 54 87 95 103 117 325 
1 16 19 25 29 63 85 
11 18 25 48 60 68 86 92 
1 3 16 18 41 55 66 89 109 367 
1 2 11 17 32 66 85 232 469 
2 6 9 25 27 31 39 49 101 158 1021 
6 18 22 26 28 43 68 82 118 191 550 
6 7 17 25 64 69 88 94 98 
1 2 6 17 59 67 93 100 
1 2 8 12 19 23 101 112 136 
1 2 8 24 54 55 74 111 
2 7 14 15 28 30 49 59 78 
1 2 6 8 33 42 45 68 84 
3 8 10 14 15 19 22 33 104 
2 6 19 28 38 42 63 71 97 
1 3 5 25 47 78 89 97 121 733 
1 5 10 29 32 45 60 114 489 
1 15 17 34 47 71 98 100 125 191 
1 16 18 26 27 29 61 97 
2 8 22 45 46 60 61 76 108 269 317 
1 3 15 26 51 69 77 93 301 676 
9 16 44 66 85 92 101 103 107 930 
1 2 4 41 49 54 62 107 118 891 
1 2 3 25 26 34 70 77 88 
1 3 8 10 67 100 101 112 
2 8 15 17 51 52 64 89 96 725 
3 15 16 18 55 70 75 92 114 
1 2 27 42 46 78 102 106 118 128 
1 6 25 58 65 69 104 113 
16 19 33 35 70 96 126 145 
1 10 18 28 47 55 107 403 
2 5 22 36 43 45 68 116 137 359 
6 12 23 25 43 63 83 96 292 
5 8 9 30 43 111 123 145 270 360 
5 26 28 66 68 75 92 105 120 360 531 535 
15 20 25 39 72 76 111 129 145 751 
15 28 31 37 42 47 63 78 106 371 
1 2 9 18 26 32 35 52 59 
1 2 3 8 9 14 16 40 139 329 727 
8 11 29 45 52 64 70 87 137 
8 18 25 38 55 66 103 144 153 
1 2 7 28 47 88 105 149 
2 16 35 85 87 88 124 125 147 
1 8 19 41 43 86 96 125 178 365 617 723 800 
9 26 29 30 47 51 87 109 144 524 741 900 
2 22 45 78 88 97 112 134 139 378 501 777 
20 26 29 37 63 98 123 148 157 
1 3 4 25 29 86 145 896 
1 36 46 59 65 86 100 144 157 
1 17 19 21 43 60 67 83 
12 16 26 49 54 80 92 139 145 232 907 
1 2 8 10 11 25 33 56 104 679 923 
1 2 6 8 16 30 75 92 112 
6 12 28 29 66 80 125 148 170 913 1023 
2 20 33 54 97 99 114 157 170 951 
2 3 4 13 23 41 72 81 710 728 
2 22 67 82 100 102 120 121 170 840 
4 9 27 33 35 36 111 137 
3 11 26 35 65 69 71 100 116 
6 20 47 56 83 97 105 118 164 
1 6 11 13 26 30 57 80 97 548 644 783 
3 6 9 12 35 75 88 114 155 
2 3 37 72 103 133 140 173 178 930 
2 25 82 106 123 144 150 178 380 
3 6 9 26 55 100 127 166 
2 8 16 29 64 75 154 170 415 843 
2 23 35 40 46 100 101 106 127 354 
1 4 18 31 40 58 88 171 
1 6 7 15 24 25 26 88 97 
3 8 28 29 51 98 124 126 143 265 
1 24 43 76 77 87 129 168 169 640 809 
10 12 17 39 77 79 93 103 126 449 
14 16 37 38 40 47 55 65 139 
3 4 10 38 44 69 78 83 167 170 373 
1 2 4 13 40 170 180 182 378 
39 40 51 56 63 91 133 147 154 550 831 
2 8 29 53 99 112 597 
1 4 9 15 17 64 95 147 170 658 
3 10 22 72 75 89 94 109 170 352 708 
2 49 52 68 87 104 149 679 950 
8 22 31 41 43 46 47 102 674 
7 9 70 72 83 86 95 114 153 
2 14 25 26 96 123 139 149 189 412 
2 12 46 49 72 77 104 118 240 895 
16 40 51 83 109 151 153 182 200 
2 7 8 11 19 23 54 64 138 589 655 
3 28 38 40 54 61 66 78 183 483 
12 13 31 33 38 51 55 58 152 481 
1 2 6 12 22 30 44 54 161 313 
1 2 11 29 32 54 68 148 155 
1 6 49 54 92 118 120 174 200 
2 5 10 22 53 71 183 193 
2 9 37 72 83 96 115 116 204 761 
1 3 6 8 11 14 136 150 
1 3 35 36 60 93 123 129 183 822 906 
1 2 6 10 20 24 25 77 135 189 837 
3 5 6 67 73 148 174 183 206 
19 29 101 109 148 162 169 170 204 1024 
1 6 20 41 46 77 84 88 197 
4 5 7 21 38 42 44 99 183 693 703 
6 11 13 25 26 75 89 129 183 736 
3 6 12 35 92 121 174 202 817 
8 26 27 41 48 101 169 208 215 299 
2 15 16 20 61 63 81 193 336 
1 4 16 19 35 54 112 163 197 647 
6 15 18 34 35 42 52 178 
1 5 29 71 80 114 132 153 221 311 
1 20 27 48 92 106 183 184 
1 2 10 19 45 48 89 161 218 
1 4 9 20 28 29 122 128 139 685 
1 3 21 54 92 98 227 
7 10 20 30 50 81 133 172 189 232 906 
2 3 8 84 111 112 125 171 219 481 
7 14 22 51 59 104 108 155 220 593 
23 51 71 88 121 178 188 216 225 
3 9 11 13 27 35 71 102 133 
10 14 20 23 40 43 63 70 160 816 932 
2 11 16 48 69 90 104 118 126 697 
1 5 6 10 23 32 33 124 178 
3 58 81 100 118 128 143 161 174 779 
1 2 16 52 88 96 99 183 893 
11 13 25 30 89 100 109 209 
2 4 29 43 83 88 112 182 742 
2 19 54 71 95 187 213 231 233 
2 47 54 57 82 148 163 173 976 
8 11 16 19 28 39 77 125 240 
15 28 43 52 63 70 75 92 170 
3 5 43 56 123 161 211 227 683 956 
1 34 36 47 54 71 76 181 
1 2 3 43 74 106 138 189 221 609 
4 10 19 29 35 36 86 182 191 
35 39 55 59 75 78 112 197 213 466 609 688 
12 33 35 64 97 123 128 141 142 227 
9 35 43 47 57 97 127 166 171 508 799 
6 16 42 43 54 85 97 168 233 730 
25 43 57 63 70 78 106 108 177 999 
6 22 70 75 83 100 155 225 227 443 
3 4 7 17 43 81 123 135 138 605 952 
1 10 15 23 64 80 88 96 174 388 820 
6 7 16 17 28 72 101 129 179 514 
1 16 41 43 51 77 153 189 190 
1 34 37 46 51 101 104 153 250 453 673 
1 19 36 53 69 78 110 172 208 660 883 
1 8 10 46 77 135 150 154 
1 30 51 98 104 113 131 154 169 566 
1 53 63 102 109 114 192 249 434 628 
23 26 54 67 80 89 156 162 248 744 
1 2 20 56 102 135 160 202 244 765 
2 60 63 72 81 109 164 207 208 432 456 
8 25 55 122 124 147 161 214 220 
1 5 17 40 131 161 199 223 619 
1 11 78 85 86 128 160 219 241 534 758 
2 3 8 9 21 150 187 213 268 684 
2 9 16 20 163 180 183 204 224 626 812 
1 16 25 54 61 112 127 201 228 417 464 
1 72 73 92 161 189 211 227 554 
1 9 17 108 118 144 257 
6 15 16 27 54 76 129 154 231 698 804 892 
7 9 10 35 51 112 183 239 
30 31 50 59 71 112 178 205 224 328 
1 3 4 8 14 35 51 91 127 
6 10 17 97 113 132 188 251 253 803 
1 2 24 36 57 61 80 92 176 
15 29 69 71 112 134 138 148 264 440 
2 4 13 16 118 190 225 272 809 
1 3 32 43 55 63 134 144 277 
2 22 45 54 68 173 176 231 239 575 931 1001 
2 5 22 27 48 49 102 123 250 
7 9 10 64 81 84 92 217 223 
1 2 3 55 62 70 80 211 526 952 953 
6 8 9 14 49 88 144 254 279 345 422 
7 14 15 44 52 99 161 176 227 914 
5 16 36 85 105 137 157 159 
8 23 86 174 203 219 257 273 288 798 881 938 
2 4 41 51 75 95 116 236 
1 11 18 28 43 108 134 146 277 
1 8 18 53 54 134 149 166 224 
2 35 59 68 141 153 216 259 
1 2 27 37 51 124 128 132 291 303 597 914 
1 8 13 18 40 49 55 174 225 
8 15 49 69 85 136 185 224 281 616 
2 4 7 14 41 52 67 100 240 837 
15 17 23 33 92 106 171 278 612 742 
18 56 133 148 183 256 258 291 293 
2 14 25 85 108 116 187 207 518 951 
1 2 11 50 63 138 184 201 203 648 
11 33 34 114 116 144 185 286 301 
1 15 16 25 88 95 134 138 161 1015 
6 10 19 61 72 88 160 183 259 
1 2 35 69 70 109 114 127 187 380 
33 45 55 70 120 153 163 244 279 528 
2 11 53 54 114 182 204 280 
2 11 15 18 37 78 95 257 
2 8 10 11 78 80 109 180 257 
13 36 48 64 74 83 157 200 293 444 996 
1 46 48 61 100 171 298 311 639 
3 6 54 90 125 129 131 211 293 470 877 
7 27 36 71 107 149 237 238 270 
2 3 93 180 191 233 250 301 310 750 
1 2 16 25 37 112 151 230 234 
16 19 22 47 71 84 97 113 190 378 
1 2 3 22 72 122 147 273 858 
16 43 63 72 74 96 112 113 189 
6 15 20 61 84 91 151 261 294 
2 3 6 37 63 115 143 273 275 
1 33 47 94 180 197 209 316 
26 35 42 55 88 210 215 304 521 
5 34 36 54 58 75 92 244 323 
15 19 36 57 70 102 166 196 236 683 
2 13 19 104 180 235 261 295 308 568 786 
1 2 100 127 138 169 258 269 308 392 557 694 
1 18 97 109 124 208 294 295 
17 18 71 75 128 281 299 311 329 
2 8 19 45 70 82 114 175 263 305 
1 2 6 37 108 135 178 280 303 
2 6 8 9 19 102 120 141 
2 21 63 70 141 146 158 261 264 615 952 
1 3 10 73 97 266 304 314 327 
1 8 18 29 67 81 109 152 328 780 
15 16 30 145 176 184 220 240 264 
4 8 11 21 46 54 104 258 324 
3 5 104 162 187 269 297 321 
6 10 11 51 52 97 101 137 284 531 776 932 
1 4 16 40 48 111 118 283 314 
1 2 59 73 87 161 170 204 267 904 
3 12 18 19 41 43 46 63 123 698 800 945 
3 28 52 55 70 97 131 200 295 
2 3 16 43 44 58 73 208 260 661 
6 27 40 64 148 183 197 258 
54 104 121 143 153 159 255 268 294 484 
1 3 14 43 87 189 235 246 306 809 
6 11 29 54 92 95 146 167 196 591 
5 7 10 45 92 245 331 333 334 342 
11 17 19 89 134 270 278 294 324 343 540 
2 4 27 39 47 87 120 259 866 
23 66 82 84 109 110 126 150 209 853 
1 10 36 72 209 270 303 306 338 
17 77 85 95 151 204 272 281 294 970 
8 16 17 59 163 169 247 283 299 
10 14 36 83 108 138 156 216 235 289 
1 6 9 22 23 116 155 171 203 
3 9 19 38 40 59 259 267 268 669 
2 13 82 111 150 153 155 177 264 722 
14 18 45 112 143 240 296 298 302 
7 53 68 107 109 132 186 305 326 784 951 
7 9 15 21 26 120 164 233 351 
1 2 17 44 94 129 236 300 
1 23 49 65 75 147 175 177 232 
14 15 17 49 107 123 199 249 255 632 1013 
2 12 13 49 116 243 262 273 817 
2 7 19 52 64 155 181 200 210 
2 3 21 64 68 72 140 249 408 
3 46 51 68 74 78 106 258 306 804 
20 27 37 80 94 109 190 229 300 
1 11 12 16 68 157 188 239 330 520 725 
1 7 20 35 130 136 255 265 356 505 
2 16 26 70 137 255 304 306 639 
1 3 5 10 13 15 26 152 294 446 700 
8 50 54 78 115 248 311 320 370 982 
1 19 53 159 188 219 240 257 339 879 
3 7 14 77 124 238 265 290 292 544 934 
52 61 63 69 80 102 107 238 337 499 971 
2 3 26 62 66 85 87 104 248 868 
1 11 29 33 45 63 104 123 227 691 
6 8 29 35 63 112 119 143 270 986 
1 15 30 51 64 149 154 344 670 832 
2 25 50 80 84 148 179 235 350 679 704 
8 16 18 25 33 78 92 215 326 
54 77 82 123 164 217 326 336 345 817 
31 85 119 215 270 277 326 363 375 
24 58 119 146 149 252 257 287 356 845 
1 3 16 41 70 105 160 209 241 871 899 
2 4 16 33 59 143 157 206 365 
3 20 64 74 132 217 220 329 337 687 
3 37 182 187 191 259 319 354 383 
7 11 23 35 120 151 232 308 370 
1 6 46 54 184 257 306 312 384 
3 35 38 55 108 204 207 288 312 315 
5 7 11 65 95 222 340 366 382 
13 62 81 102 118 121 124 312 396 
33 85 88 118 233 243 259 284 313 
2 4 7 9 11 79 151 263 294 
3 4 38 43 143 182 194 235 274 319 
57 99 132 140 240 284 299 361 379 
3 32 35 38 109 110 242 255 349 
34 96 108 146 148 193 236 238 291 362 
29 56 77 164 193 281 286 328 352 
18 124 132 148 150 279 361 381 397 498 
1 62 68 92 107 119 121 210 332 
4 8 12 51 54 151 174 255 361 
31 76 85 87 162 163 189 250 324 
3 8 43 86 89 97 153 191 317 684 
6 11 80 126 127 240 264 362 373 
1 2 4 19 147 314 353 404 408 
12 32 63 86 97 112 148 272 375 
5 9 30 54 82 169 259 341 346 912 
1 9 28 51 73 101 170 218 283 552 896 
21 47 58 113 170 191 212 329 387 469 
4 11 32 63 109 133 200 233 251 
18 95 96 152 239 283 287 314 315 
1 31 58 72 147 204 254 312 
12 47 55 60 71 88 96 164 366 783 878 
3 28 40 43 55 70 189 254 259 529 883 
4 11 28 84 100 121 143 245 328 841 
2 11 18 141 145 190 201 244 400 
12 13 18 21 55 175 182 204 265 
1 2 13 29 93 97 113 167 290 562 575 629 
1 14 29 32 45 130 152 166 175 
6 23 61 69 96 141 148 231 389 796 1018 
11 42 79 85 103 231 308 311 382 463 
2 24 70 112 118 153 217 302 386 
2 29 48 125 150 187 237 311 790 973 
1 4 30 70 115 171 220 366 780 869 903 
2 32 59 74 92 120 229 234 240 
2 8 11 30 31 37 118 166 169 464 
7 47 73 76 139 176 273 290 316 334 
2 6 21 36 40 64 96 115 126 945 
6 25 31 32 54 113 117 333 361 447 490 993 
1 41 44 54 115 274 278 283 324 900 
2 5 6 33 67 174 202 279 405 
2 20 28 82 88 89 265 370 398 995 
14 15 18 31 40 73 116 322 335 478 
3 108 178 179 185 192 255 332 386 
2 33 55 73 89 127 190 203 220 
4 8 28 42 76 154 155 266 300 716 812 913 
1 17 46 59 67 86 101 311 333 
3 11 46 54 124 125 129 141 301 463 804 
2 6 20 22 53 75 171 294 296 
1 159 179 205 216 305 402 
2 7 46 73 191 259 310 421 436 494 738 
23 37 152 164 202 239 267 322 387 
10 25 82 171 255 260 272 342 385 581 
2 3 21 75 197 199 244 255 308 
10 14 60 93 180 189 249 293 401 
1 16 17 33 46 221 242 267 271 682 991 
6 28 35 77 118 153 180 283 352 763 
41 89 100 121 147 258 328 410 441 
16 18 22 49 61 198 204 238 
7 22 42 65 69 109 132 171 532 871 
19 31 54 59 89 154 171 174 312 
1 8 76 80 116 205 351 362 425 620 779 
12 20 47 48 57 74 92 119 138 725 
1 11 18 88 93 226 278 356 401 
2 55 61 70 99 102 114 165 184 929 1023 
4 56 59 101 120 160 282 307 393 439 975 
21 108 121 131 141 181 236 299 379 981 
2 8 18 20 110 159 216 257 267 1024 
20 29 37 89 132 189 212 256 290 798 
1 7 8 82 85 116 178 210 238 
3 4 19 32 105 187 249 321 
27 62 68 155 163 270 350 416 445 
2 16 53 193 328 360 365 426 459 
3 5 16 23 29 37 50 110 385 
11 29 66 100 106 150 414 440 606 847 
1 15 19 29 43 118 121 268 317 
96 151 181 250 271 272 293 381 431 
12 17 107 115 167 241 330 387 417 
85 130 207 268 346 362 376 446 
1 16 23 24 37 47 50 79 
3 78 89 140 150 176 223 360 407 
1 21 29 112 126 153 405 426 427 
2 3 18 49 71 111 114 352 357 949 956 
2 35 69 73 153 185 188 229 472 602 816 
3 32 80 134 150 171 244 356 410 465 
3 6 25 85 96 146 326 372 462 471 
1 2 15 23 29 47 70 139 212 987 
6 23 28 85 94 96 248 356 368 
63 78 120 180 251 371 387 481 484 
18 111 198 221 231 244 256 272 
1 12 19 46 109 150 274 303 352 492 
2 15 26 54 59 97 146 249 406 534 
19 27 55 85 218 222 239 367 447 572 
8 21 97 100 193 215 242 329 346 936 
7 18 21 35 106 115 199 276 408 
9 10 62 88 114 124 281 296 447 892 
35 95 219 284 306 311 326 363 376 904 
1 8 57 60 88 124 255 269 400 
2 25 97 145 241 307 371 407 
2 106 118 184 219 384 401 469 471 
14 19 67 81 232 249 287 348 483 
17 100 117 146 227 294 333 397 443 
2 6 25 73 107 135 316 337 497 
7 19 91 114 157 216 284 333 473 665 861 
5 35 43 46 56 92 193 259 372 
1 8 16 109 139 193 318 353 
7 9 28 159 165 169 219 221 265 
4 26 65 208 228 330 382 440 481 503 630 798 
18 55 57 59 159 213 224 261 329 
2 8 21 32 47 79 81 149 357 
5 36 88 97 174 408 432 498 700 713 
12 14 23 51 82 101 297 397 403 420 
3 5 97 130 171 204 323 386 446 
1 2 3 340 342 349 426 427 431 
1 35 49 60 69 119 162 304 346 740 967 1022 
6 8 15 25 75 206 291 346 439 693 821 
17 20 51 54 82 110 120 220 270 533 
8 111 167 208 269 331 386 410 509 
2 4 13 18 61 82 259 405 643 891 
43 45 154 175 270 274 454 460 480 
5 20 129 132 198 269 283 333 468 668 
1 4 165 182 263 265 354 355 505 
3 6 9 12 155 256 264 306 391 598 838 
21 33 96 171 219 253 360 438 501 
8 31 47 123 180 183 241 299 505 597 
7 8 37 41 55 77 131 279 297 562 
1 2 14 39 54 207 221 427 458 
6 25 68 86 88 170 227 334 398 449 710 730 
1 2 43 77 288 387 424 504 513 845 1003 1016 
1 16 24 56 83 126 308 440 494 746 908 948 
1 26 48 59 214 220 293 440 457 805 
2 7 63 80 97 109 128 286 471 757 
2 8 17 28 43 73 101 174 183 1012 
11 18 39 53 54 63 169 244 245 
3 7 24 58 79 256 354 479 520 986 
31 40 46 61 154 256 328 364 414 
12 14 17 45 88 132 365 487 513 682 
17 28 49 52 54 88 100 110 176 1015 
1 29 115 150 152 250 432 446 617 765 906 
1 16 219 224 272 385 405 449 483 923 971 
4 26 94 225 273 317 346 347 510 957 
1 14 85 112 163 170 207 396 507 
45 46 48 95 125 173 309 428 502 877 
12 13 26 54 108 204 268 392 477 
2 27 32 67 106 148 188 198 205 320 338 
6 56 85 184 189 220 307 516 521 637 832 1009 
25 70 93 103 177 182 376 495 515 796 
1 9 43 52 118 168 207 284 436 
1 18 49 70 104 143 173 212 502 787 
45 68 131 194 201 209 227 273 450 512 651 
1 77 85 94 250 290 415 431 449 788 
9 11 34 44 52 91 208 330 538 826 
2 22 38 80 296 355 439 454 
3 8 17 28 141 239 262 266 514 
6 101 140 155 182 220 258 283 485 757 762 
2 19 65 97 143 239 270 510 
16 17 56 85 99 156 207 482 523 
1 2 6 77 164 171 223 407 472 775 
26 31 65 112 145 395 422 485 492 557 
15 29 35 78 105 109 112 260 425 
31 36 47 75 87 143 234 285 475 989 
1 12 54 67 106 154 243 312 904 978 1011 
2 8 16 26 122 235 479 769 792 1012 
23 78 87 153 164 172 259 288 313 1005 
2 3 5 80 93 97 221 490 495 500 610 641 656 
10 15 21 84 146 193 387 401 416 1002 
42 70 120 193 197 271 284 350 351 416 681 884 
19 35 77 109 125 176 272 448 508 
14 32 48 224 234 283 332 376 517 536 
2 3 17 102 230 239 291 374 
17 32 77 268 272 346 505 507 565 894 992 
4 11 16 25 68 148 208 255 330 696 749 792 
8 17 69 84 119 256 331 426 483 539 
1 2 15 52 54 111 159 449 525 
3 21 46 203 241 270 295 366 542 
2 7 128 242 264 342 350 472 554 
6 8 17 249 263 277 314 437 487 707 
3 29 36 85 104 187 266 269 388 502 
1 29 32 222 301 314 377 396 502 
29 52 100 122 142 153 192 454 537 998 
3 29 35 60 226 254 304 315 547 
1 63 80 104 165 174 284 503 
32 169 209 210 360 401 435 491 504 
1 9 15 24 45 64 167 243 272 465 
13 54 56 63 90 130 288 385 564 
14 35 89 166 276 318 324 358 516 
1 32 52 88 170 313 317 411 
6 10 87 97 111 198 245 339 
17 24 56 108 233 318 521 566 569 
8 25 27 28 78 94 107 144 462 
11 17 29 36 192 273 332 383 403 764 
9 20 38 63 71 100 150 224 513 
137 186 296 315 406 433 459 506 563 713 
16 21 22 59 70 199 227 462 579 
2 6 64 132 260 266 271 282 450 455 
2 30 63 66 112 213 325 342 517 712 
2 10 46 188 202 213 267 477 588 763 
8 14 16 44 54 175 326 330 368 575 779 
16 36 84 89 96 158 162 251 393 
59 72 102 116 125 133 261 336 515 
19 77 94 134 302 311 394 451 543 
2 3 33 69 249 293 471 516 548 917 
2 153 164 167 202 249 336 473 514 
2 4 20 92 223 281 349 383 549 842 
13 55 89 112 119 330 382 498 588 914 
2 16 20 28 47 73 77 161 574 
5 15 46 71 326 329 368 448 491 
15 19 22 96 202 244 312 364 519 
1 11 13 26 46 134 138 362 428 
3 9 23 123 237 268 270 425 534 797 814 
28 38 106 202 212 347 484 485 495 
7 29 31 46 144 297 361 462 527 978 
2 85 104 192 242 255 256 403 556 
3 22 49 56 153 201 347 357 501 
6 66 110 139 259 380 542 594 600 
2 3 6 14 16 28 87 393 601 
2 12 110 153 248 343 510 599 
8 16 46 71 72 82 158 242 247 
8 22 35 75 129 268 291 346 463 489 
6 14 73 131 223 303 350 401 
2 12 127 153 166 185 286 440 600 733 
1 58 75 83 153 400 489 544 552 582 862 
1 2 22 154 381 438 444 465 575 673 1020 
3 18 69 71 75 144 227 256 328 
123 135 158 206 339 467 516 589 607 
18 23 29 36 96 116 286 456 517 
2 21 109 208 324 378 395 409 434 734 893 
2 75 88 176 291 424 496 555 
37 70 96 269 271 421 468 
1 2 11 26 32 97 198 202 246 751 994 
19 29 113 135 148 188 234 385 581 986 
6 14 21 34 65 101 188 270 619 
14 23 72 191 283 302 335 385 418 819 1011 
2 82 125 128 141 197 232 238 540 
26 88 171 277 330 344 402 453 657 772 
1 19 21 137 152 246 307 415 454 592 
1 5 55 69 126 325 346 475 563 
28 46 96 114 157 158 294 438 443 647 
2 137 173 239 284 337 381 497 520 
3 6 125 357 360 377 516 536 591 
3 6 41 92 99 110 340 388 467 767 
1 2 14 44 88 317 400 535 600 
49 71 151 166 177 226 395 471 516 878 
1 3 102 116 227 231 480 543 621 
2 16 80 84 225 449 566 572 
1 4 11 23 48 63 211 343 574 986 
1 9 29 43 61 122 387 398 467 1017 
1 16 20 54 100 108 128 284 
3 18 21 44 85 193 368 524 533 
4 19 46 305 308 395 435 519 529 554 
21 75 134 244 273 313 422 517 618 757 894 926 
2 6 21 29 43 301 373 375 595 703 993 
13 19 101 132 241 344 410 449 509 
2 16 17 78 119 280 383 426 636 
2 11 94 254 314 357 515 577 590 615 
19 118 141 142 146 183 216 293 582 593 751 
1 20 21 40 56 84 319 418 858 999 
1 23 31 46 240 430 489 554 631 792 
64 117 137 347 361 371 399 440 515 
1 2 5 168 403 424 453 483 549 
1 4 7 62 110 120 215 460 639 
1 8 12 54 121 202 243 385 678 770 
16 48 58 300 363 366 370 416 430 861 
1 24 29 88 95 235 275 328 
29 31 68 92 385 407 466 470 564 
1 28 89 128 158 204 227 242 
2 25 55 60 87 227 366 487 526 
1 11 65 76 96 101 302 396 406 737 
7 16 30 71 93 354 385 491 979 
10 11 42 55 105 197 282 413 429 862 
1 15 261 265 328 393 431 588 650 
1 2 12 24 69 82 292 658 
1 2 18 45 161 295 460 
16 20 25 85 88 150 340 612 640 684 
16 68 78 152 281 322 340 429 670 945 
89 120 148 231 257 344 495 589 702 
1 2 52 111 146 174 231 405 439 
3 6 41 44 157 205 328 577 594 704 848 
2 16 32 44 118 264 437 473 640 816 
1 11 30 165 249 438 464 478 497 634 
19 54 84 170 213 234 274 277 636 
12 15 24 52 110 119 210 250 257 
14 28 88 240 275 380 393 423 471 511 
2 5 7 259 289 432 461 474 632 700 
2 13 40 41 329 366 418 448 465 567 1001 
3 16 19 20 112 143 171 654 658 757 
1 35 140 163 317 321 352 473 553 615 723 
1 2 49 52 55 326 358 409 674 846 
16 56 120 170 376 386 398 529 569 662 756 
25 49 102 263 491 509 603 625 663 675 
2 15 66 97 99 102 114 269 306 682 830 984 
1 39 54 56 89 93 468 555 818 
16 109 167 268 272 548 
1 2 8 19 85 185 242 519 666 
16 46 96 97 148 171 328 586 633 836 
1 13 46 91 100 206 247 537 612 821 851 895 927 
9 32 145 161 163 263 273 532 622 
10 16 30 39 122 406 420 465 548 648 801 
67 115 123 198 212 238 296 516 629 
1 5 6 80 404 415 502 535 655 
3 46 100 105 446 459 550 558 575 822 
1 15 150 363 396 436 438 645 674 
8 42 63 100 259 375 478 493 640 
5 48 54 61 146 345 369 445 589 780 837 872 
3 16 18 154 175 231 529 662 677 975 
14 38 145 177 206 208 272 330 452 920 
2 53 60 163 205 297 306 316 690 
6 19 32 143 180 197 236 268 339 983 
9 85 154 161 179 219 451 526 577 786 987 
2 3 22 41 52 92 199 397 515 851 971 994 
17 48 106 121 261 285 294 338 370 466 
2 3 21 166 168 217 231 487 619 783 
7 10 17 29 82 88 132 478 489 
18 41 61 180 211 389 419 509 550 662 
1 6 13 45 48 70 111 189 571 
120 130 250 284 307 327 335 346 709 786 980 
17 28 81 120 129 335 476 582 620 
1 2 80 82 92 93 343 444 470 868 
5 21 88 97 224 307 326 424 539 842 1005 
19 29 147 170 198 247 442 579 686 
2 12 14 35 182 211 469 491 600 651 737 
1 2 10 38 97 220 546 570 
2 8 16 82 96 462 657 698 701 
1 13 138 162 230 280 307 589 657 
8 11 12 18 89 171 237 255 326 
4 30 139 189 195 269 280 387 578 774 856 
3 12 60 92 138 157 185 455 671 
25 68 92 258 271 385 439 587 685 890 906 915 
1 2 22 53 298 429 548 549 643 851 
19 225 243 380 418 425 446 492 531 655 
2 5 18 36 174 227 288 296 617 742 
25 47 308 317 320 411 433 517 667 
3 16 212 404 443 554 618 639 709 829 
21 53 68 159 192 475 519 575 577 
2 4 14 43 202 385 454 666 688 762 
1 15 16 18 24 99 100 109 264 668 989 
2 21 63 231 250 387 462 498 
4 56 62 81 179 218 276 404 484 660 984 
1 16 19 54 71 119 307 672 716 860 940 
2 9 19 56 60 72 78 124 220 
15 25 61 115 206 221 260 273 650 925 
15 46 58 64 91 179 256 593 675 816 
16 141 149 170 259 290 407 412 623 718 1021 
12 20 27 53 217 232 248 446 531 
61 131 174 265 291 294 411 493 656 
3 100 101 159 549 550 582 691 698 
2 3 6 12 65 269 281 387 724 
191 262 293 360 365 489 513 664 678 736 
1 153 227 235 237 249 259 339 743 886 
2 20 30 212 436 501 654 667 681 692 716 
8 16 95 113 125 164 290 746 
83 181 192 202 211 296 333 345 542 772 987 
1 29 53 73 197 345 449 534 643 
3 68 87 118 158 409 490 564 632 
3 74 84 92 277 328 469 722 735 
9 14 32 64 80 88 167 168 198 973 
4 15 228 240 260 348 503 642 747 
46 55 83 268 346 354 441 649 677 
2 35 56 98 286 459 460 611 641 
2 52 54 184 291 392 432 585 669 809 
1 3 46 104 121 139 145 171 528 992 
2 22 75 257 293 405 443 460 512 
18 20 92 128 138 171 291 351 717 
1 2 123 268 456 
6 16 33 88 97 99 125 230 708 891 
8 89 97 184 421 428 474 539 639 642 813 
1 7 205 333 395 398 405 677 692 
1 13 49 52 145 151 255 333 702 839 
2 25 50 107 144 190 206 382 603 816 
10 48 151 158 273 440 646 665 714 872 
1 22 111 114 118 157 172 205 496 
6 11 36 124 239 294 376 393 430 1013 
1 30 63 64 185 239 457 486 685 
1 11 81 264 439 481 571 669 731 
165 293 314 369 494 559 591 638 701 
57 75 128 311 324 373 547 593 695 
9 46 106 138 351 398 448 600 705 711 
1 4 61 112 319 378 533 568 594 703 896 
4 33 41 150 197 204 257 300 419 723 817 
1 6 9 26 45 126 249 258 
45 56 78 89 98 327 463 532 681 858 888 
17 29 32 44 94 169 426 563 761 
1 52 100 183 279 326 372 424 639 985 
1 2 14 118 229 240 343 500 560 
1 5 8 33 95 183 369 449 541 
6 8 29 63 134 159 168 566 619 658 722 
15 18 36 50 54 109 146 419 435 851 897 966 
1 5 6 15 60 151 268 397 530 750 768 
2 15 18 33 88 100 324 516 754 
1 5 113 174 277 328 511 638 660 734 762 
112 184 355 366 368 398 422 525 697 899 932 
18 23 54 109 121 417 498 517 629 
1 17 23 32 56 94 259 381 422 
55 75 139 145 182 217 235 473 760 917 
60 142 193 232 319 365 516 598 636 1007 
1 5 9 83 112 164 280 408 659 740 971 
3 25 26 33 38 80 482 547 778 
101 109 183 237 339 431 521 649 
1 2 8 225 309 570 624 629 
3 7 16 44 70 249 337 707 768 
2 28 132 251 423 437 487 526 710 885 911 
146 183 184 202 310 327 492 507 519 630 967 
1 15 55 207 320 492 630 747 
6 75 169 226 238 514 527 551 788 
33 61 346 457 474 541 633 685 733 792 
51 55 72 89 118 233 241 319 697 
80 193 264 273 347 361 462 747 769 797 
4 5 40 75 100 319 351 625 762 
2 15 16 28 260 341 527 717 
1 32 123 185 249 259 381 444 492 
10 12 79 89 93 157 242 412 711 
20 23 26 207 299 312 530 577 758 
6 19 23 59 312 359 410 472 539 604 1006 
36 61 139 173 235 342 412 509 582 770 
2 34 81 277 390 427 561 782 961 
1 2 7 36 159 190 202 481 634 662 
1 12 29 31 42 49 84 438 558 
12 30 54 174 214 220 244 357 614 777 
52 61 67 92 138 186 193 491 526 684 719 766 
16 19 20 23 32 90 153 184 592 681 980 
1 16 97 124 350 416 499 588 737 751 
1 8 128 205 215 371 657 679 683 812 
4 16 19 36 85 107 136 281 643 884 
4 6 22 35 183 208 561 595 615 775 
16 52 73 80 229 239 329 332 558 787 985 1007 
11 30 94 98 149 204 453 612 763 843 
1 25 82 144 194 249 365 580 582 628 786 1006 
55 153 157 315 378 399 625 755 
1 2 88 114 144 220 272 445 545 971 
29 97 106 110 305 327 404 479 663 
70 122 206 212 485 593 619 648 705 826 
3 24 29 67 68 279 411 460 679 
2 9 31 47 54 165 240 260 528 620 654 
1 9 41 47 71 426 443 638 751 
1 2 23 83 88 93 170 196 510 968 
6 43 79 93 119 169 570 571 776 
19 35 123 125 188 220 377 443 489 832 
14 16 18 54 60 146 184 244 640 
8 10 14 15 102 188 225 439 475 
22 58 102 220 293 348 421 516 697 
1 15 43 55 56 327 546 648 659 811 
17 69 138 216 297 337 368 516 725 1012 
16 105 114 158 189 269 432 595 610 979 
1 11 101 144 234 361 390 530 781 833 
26 32 36 88 125 216 335 441 602 870 
27 95 96 109 207 270 358 485 648 772 845 938 1006 
6 55 60 120 126 209 213 361 686 
1 7 111 179 210 212 273 396 534 
6 18 44 169 243 311 422 678 759 
4 8 37 53 55 151 241 278 633 936 
16 131 211 226 269 328 535 538 844 
1 5 6 53 153 177 321 425 817 
31 90 202 247 299 543 580 641 717 1020 
31 42 75 84 92 114 158 161 603 
1 8 28 92 97 164 181 543 777 
1 3 8 15 30 40 206 588 839 1005 
55 109 143 204 301 385 388 397 559 815 833 843 923 
1 8 102 143 352 366 519 562 640 
1 4 9 54 107 171 473 609 796 839 
51 201 256 299 390 441 453 602 683 992 
20 33 94 130 141 547 692 765 819 940 
29 73 104 152 158 299 424 517 584 894 
1 2 7 12 111 529 586 705 825 973 
3 21 22 25 189 448 479 573 831 
29 75 80 119 526 586 608 656 751 
11 27 40 45 102 216 351 519 525 1007 
2 7 44 92 215 284 323 331 383 983 
28 61 89 101 244 259 435 733 826 
5 41 128 136 294 311 334 606 750 922 
16 88 167 175 182 525 616 666 822 979 1003 
4 13 53 56 191 210 316 469 732 1023 
1 2 8 11 19 127 284 634 843 
2 5 12 29 148 183 355 514 630 845 
5 11 27 82 97 108 257 676 860 983 
4 50 55 63 137 289 595 614 967 
1 11 130 253 344 439 501 702 
10 32 146 205 365 381 395 458 
1 3 16 55 56 190 544 745 802 854 
243 284 320 373 402 562 609 618 743 878 
15 110 189 422 475 580 583 646 745 1013 
3 19 54 86 341 401 472 590 641 
8 16 97 332 413 597 678 704 
1 2 3 16 489 680 742 747 754 
1 170 259 263 375 530 550 667 695 
6 10 27 81 83 250 283 622 788 
1 10 11 19 109 191 459 714 756 
19 152 156 226 314 666 688 759 786 871 
8 23 269 308 449 504 507 671 679 
6 14 15 56 85 261 269 502 717 
1 28 29 77 110 212 432 790 816 894 
13 113 115 121 211 268 319 402 663 893 
7 46 47 59 61 197 332 419 769 
9 103 164 363 589 627 629 860 1005 
1 11 14 150 256 278 316 418 583 592 
1 3 9 39 43 310 477 481 
4 46 67 75 80 133 224 660 732 
1 12 35 132 145 238 520 633 
19 28 86 119 428 660 667 762 788 834 1005 
48 367 384 405 491 604 743 767 805 935 
2 102 155 183 284 504 613 804 851 890 
5 18 45 116 140 284 497 836 849 940 
3 12 68 70 78 82 258 276 404 770 
12 39 43 52 56 90 164 701 740 763 
1 22 53 104 371 584 625 659 729 
160 176 205 259 302 324 464 532 585 768 920 
2 30 137 138 176 177 198 294 583 
2 3 19 29 205 246 385 612 773 
2 126 135 140 195 291 636 640 695 
5 11 37 100 103 154 345 791 796 815 914 932 
4 8 32 55 255 365 459 569 903 
1 3 16 109 308 533 547 729 838 938 
1 25 108 207 234 307 373 434 662 
14 29 32 41 227 366 429 547 580 916 
16 57 60 124 125 295 427 524 790 818 
7 17 112 172 297 472 498 602 905 
2 39 51 63 67 505 715 810 867 893 
5 14 29 54 58 234 240 418 868 916 
15 18 63 192 238 242 246 540 627 
3 21 27 34 115 182 195 273 296 
11 29 36 134 282 401 510 776 810 932 1020 
4 38 63 95 112 177 254 258 371 786 
3 29 123 161 214 285 493 609 891 
61 91 167 244 274 346 392 624 747 
30 46 112 134 259 293 389 630 694 
8 29 45 77 92 443 554 718 819 
4 6 19 30 70 123 553 686 731 
1 191 240 241 471 599 722 803 836 
1 13 35 81 163 193 252 272 383 
2 164 262 285 297 401 486 602 765 
2 14 118 149 414 583 620 694 
66 114 350 365 369 438 454 495 559 582 1020 
16 74 109 345 374 476 541 543 650 747 
4 17 242 272 307 338 364 539 800 
75 81 113 115 255 355 376 397 744 751 786 
9 35 141 176 202 209 271 382 789 936 
6 16 17 51 168 234 545 617 753 894 910 
20 148 182 200 227 266 401 434 488 783 983 
11 38 80 211 298 342 548 705 707 777 
195 391 569 582 586 710 741 751 876 
36 53 114 284 297 320 514 579 850 890 
1 44 79 81 104 148 306 594 848 
1 3 19 29 54 297 403 424 439 
1 2 14 25 232 235 451 506 938 
56 61 311 449 472 572 642 684 706 
15 55 87 312 322 352 393 401 503 727 780 
5 14 50 73 82 243 359 541 746 
1 3 45 63 260 268 374 644 933 
1 8 16 18 19 238 451 477 673 766 
5 43 178 216 491 513 681 832 944 
1 2 76 153 193 225 288 340 423 477 
8 28 121 187 216 245 333 550 566 
17 78 95 109 150 159 415 559 1018 
23 59 92 101 172 233 582 622 784 931 967 
1 10 107 224 510 535 679 753 800 842 
16 20 48 201 227 392 478 548 663 691 745 
12 18 98 108 232 345 606 719 815 
10 55 82 94 254 303 321 617 734 843 851 986 
20 36 77 90 276 287 662 784 820 
90 102 167 179 523 635 652 680 785 
3 9 139 145 211 316 402 434 747 
1 26 426 551 581 613 617 683 731 838 956 
41 62 107 212 289 327 333 415 706 785 
1 89 92 109 250 324 526 762 853 
1 4 43 127 163 379 605 874 933 
1 54 110 160 168 173 461 468 529 944 
3 4 6 25 65 72 93 598 724 953 
169 181 537 615 721 726 761 836 863 908 962 
1 2 15 71 144 193 336 475 628 
39 45 52 162 239 250 345 419 847 889 
2 16 19 54 92 280 298 454 559 
2 9 17 108 114 266 429 468 577 
16 99 192 193 233 290 304 671 685 906 
9 23 49 142 202 308 454 477 808 951 
27 55 78 88 287 312 655 667 736 781 967 985 
21 57 111 129 328 428 515 536 736 748 
7 53 91 139 238 299 383 398 483 936 
1 231 251 312 415 475 573 734 821 849 938 
23 46 117 145 210 217 250 262 290 976 
101 159 179 260 294 324 484 544 888 910 950 993 
4 23 33 64 165 274 278 425 608 699 
2 35 88 381 416 490 623 883 922 
3 144 149 438 452 485 545 766 828 
2 10 161 166 170 272 335 400 592 786 975 
1 29 38 165 340 432 677 735 736 753 
20 36 94 114 226 269 272 348 904 
3 75 81 339 349 435 599 654 835 898 
2 3 56 101 207 249 588 732 770 918 
8 75 144 147 268 660 723 750 761 845 
2 25 339 353 457 463 474 885 928 980 
1 6 28 108 215 371 589 757 879 
6 134 162 182 247 267 377 422 
1 19 24 40 49 129 206 293 520 
23 41 56 74 156 611 629 647 798 
8 17 91 211 433 502 535 715 732 
1 97 248 427 470 491 619 764 786 791 
14 48 59 103 206 343 346 440 961 
1 2 16 52 130 139 290 638 703 880 
20 21 113 157 173 206 300 327 691 734 
1 19 29 107 138 145 171 295 315 960 
40 143 164 242 253 261 471 624 863 919 
2 31 148 469 490 557 847 960 965 
11 35 281 335 372 624 744 836 848 896 900 
14 17 38 95 145 180 272 296 592 749 786 909 
60 112 127 150 240 747 880 887 997 
17 29 64 156 167 193 557 564 626 660 
90 129 132 153 314 377 533 713 723 730 
5 56 59 101 116 378 464 484 723 736 923 971 1005 
3 8 12 55 69 443 553 617 641 899 
1 3 8 100 137 293 567 875 
18 25 172 208 220 252 467 823 885 
14 15 70 83 358 467 506 801 850 851 
1 13 67 111 166 494 764 768 805 810 
2 8 65 161 178 432 845 848 849 971 978 
2 42 116 129 157 254 255 271 310 
4 21 43 45 422 466 512 723 753 838 914 
1 5 13 73 224 227 295 364 800 
178 249 330 432 439 455 614 809 823 
6 53 94 167 185 275 408 569 680 1018 
46 65 85 296 330 501 564 628 854 
7 164 268 280 375 476 686 717 966 978 999 
1 15 97 360 412 428 627 780 895 
6 8 70 132 330 491 503 626 833 923 
2 15 181 211 309 447 671 716 805 806 
12 33 178 192 225 528 593 731 753 782 1001 
2 75 137 302 342 393 410 660 728 761 770 
26 46 163 255 279 299 365 547 946 
62 95 312 319 364 382 502 613 629 931 
1 146 163 184 376 691 786 814 896 933 1006 
