1024 10284 0

1 
1 2 105 723 
1 2 3 
1 3 4 370 
1 2 3 4 100 1017 
1 2 3 4 6 166 
1 4 6 508 
1 2 3 4 5 
1 2 3 4 8 
1 2 3 6 8 9 10 63 
1 2 4 6 10 11 
1 3 4 6 7 10 11 728 
1 4 6 7 10 
1 2 3 4 6 8 12 
1 3 4 5 6 12 14 642 
1 6 8 10 15 16 152 
2 3 4 5 8 11 13 15 16 305 
1 5 11 12 13 16 17 494 570 795 981 
1 4 9 10 14 15 
1 3 5 6 9 10 19 1005 
1 4 6 7 8 12 13 16 961 
1 4 5 7 8 10 18 19 96 
1 4 8 11 12 17 18 21 23 
1 4 7 10 11 12 21 
1 2 3 5 6 11 16 22 23 593 
1 2 4 6 7 8 21 23 25 983 
1 4 11 16 20 22 24 849 
1 4 6 10 12 14 15 16 
1 2 3 4 5 11 21 338 957 
1 2 9 10 15 22 25 
1 3 7 10 11 14 27 567 660 766 837 
1 5 6 7 10 17 24 28 
1 5 6 7 9 15 16 19 23 414 
1 3 4 6 10 20 24 718 
1 3 4 8 17 21 25 27 
1 2 4 7 9 22 25 27 210 409 
8 11 12 15 23 25 33 274 
1 2 6 11 14 15 22 23 
1 3 5 7 15 16 18 29 
1 4 5 6 10 12 13 17 25 33 348 
1 3 4 13 22 24 25 28 29 
1 3 12 17 20 21 32 33 41 
1 4 6 7 8 20 23 40 281 
1 2 6 11 12 22 27 
1 2 3 12 23 25 45 567 
1 5 6 7 12 23 28 39 43 
1 6 16 29 31 36 38 43 45 
1 2 4 11 15 20 35 41 
2 6 12 16 26 33 34 39 
1 4 7 16 24 31 35 
1 8 10 17 18 29 33 42 45 51 128 
1 2 5 9 13 24 27 30 31 48 
1 2 6 10 19 24 28 34 41 52 
1 4 5 10 11 23 31 42 48 52 
1 6 9 15 19 25 27 28 
6 10 12 20 25 45 52 56 
2 5 12 13 27 44 48 53 
1 2 4 6 10 16 46 58 933 
1 5 10 11 12 22 32 35 47 50 
3 4 9 12 15 19 33 49 60 
1 2 12 20 39 40 49 53 
1 4 16 40 46 49 52 53 
1 3 6 8 12 28 42 54 55 60 196 434 683 
1 2 6 15 16 17 18 19 24 437 
1 8 15 31 34 45 49 1014 
1 4 9 10 11 29 31 33 50 59 
6 25 30 37 40 46 62 64 65 937 
1 10 12 23 26 27 30 48 66 752 891 
1 10 11 12 16 27 39 41 42 
1 2 3 7 9 10 21 65 532 
1 3 4 5 17 31 41 42 57 61 
1 11 22 28 31 46 51 60 
1 15 17 18 28 43 45 53 
6 11 18 21 59 60 63 69 71 
5 10 11 12 23 24 32 60 62 
1 4 18 21 38 50 58 62 
8 18 28 29 31 56 60 61 65 836 
3 8 10 12 14 18 31 32 33 43 
3 11 15 27 31 35 41 45 61 71 
1 2 6 7 8 28 29 43 44 50 
1 5 7 9 11 20 38 68 
1 2 7 8 23 29 36 47 
1 2 5 14 16 32 56 64 67 76 
1 12 16 24 31 37 39 55 77 
1 2 4 10 25 31 45 47 65 81 
17 25 31 33 34 37 42 43 63 
1 4 8 24 37 51 53 68 81 
4 5 9 10 31 42 48 79 698 
1 2 3 14 45 50 53 62 68 
1 3 8 9 10 13 20 28 46 53 639 
5 6 9 12 16 24 27 30 71 85 
1 12 15 23 26 28 43 52 55 57 
1 6 11 16 41 44 58 64 78 
2 4 10 11 13 20 43 57 73 93 955 999 
1 8 9 11 31 73 76 85 89 
4 6 8 10 23 29 32 33 47 
11 12 19 27 44 47 57 68 
1 2 4 5 6 14 24 88 
1 2 3 9 15 18 50 53 62 582 843 
2 4 5 10 11 20 21 25 43 127 
4 5 9 11 21 23 24 33 39 61 
1 2 3 6 9 11 33 38 46 94 570 766 
1 7 11 12 22 25 29 58 84 86 
5 6 24 30 53 65 66 97 102 277 
1 7 8 11 14 46 66 71 73 97 540 683 976 
3 7 8 10 21 24 36 73 85 89 
1 3 16 22 28 38 50 93 102 
1 2 7 21 27 38 39 40 919 
6 7 8 10 13 22 24 94 97 344 
1 4 8 12 15 22 24 27 53 699 
1 4 15 21 31 32 44 45 99 760 
1 8 13 15 28 41 69 78 96 313 
4 10 14 23 33 43 44 61 81 87 640 
5 9 11 40 53 57 68 83 84 99 738 
1 17 24 27 50 74 93 104 
7 10 19 21 35 61 69 71 110 386 
1 7 20 38 51 57 67 77 100 102 
1 6 9 23 38 43 51 55 86 112 
1 4 10 17 33 37 52 53 70 97 
1 5 9 11 19 20 57 67 72 88 
1 7 12 25 50 55 58 65 94 121 
1 6 12 48 69 70 73 81 93 103 
1 2 5 22 23 51 86 99 121 
1 10 15 25 38 45 68 87 
11 27 70 80 81 85 96 99 103 123 
1 2 6 42 45 58 89 94 103 119 
1 2 10 15 36 42 59 75 
2 3 7 12 44 67 72 101 120 121 
15 21 22 27 38 59 61 79 85 95 207 
1 4 10 17 24 31 61 85 
1 2 3 5 10 13 48 66 83 123 
1 8 9 44 47 70 73 92 102 113 
1 9 10 14 22 29 43 60 102 795 
1 3 11 12 27 32 79 84 86 129 722 
1 4 9 22 23 33 36 68 99 
1 5 8 10 18 21 31 34 66 290 977 
4 7 25 33 48 60 105 109 126 127 
2 5 10 17 21 42 64 86 96 104 
1 6 15 41 46 71 82 103 121 136 476 901 
6 7 12 23 38 58 96 99 108 605 
9 11 27 32 48 51 76 95 103 109 488 
1 4 7 11 12 15 112 123 140 799 809 
2 4 5 10 41 62 86 96 108 125 
1 11 25 29 32 95 102 109 119 130 
1 2 3 16 21 28 60 100 105 936 976 
8 64 67 79 86 88 92 96 134 144 
1 8 11 20 33 42 75 78 82 107 534 
6 7 17 31 36 45 61 83 134 
4 7 13 22 35 46 54 87 97 134 
1 4 5 45 52 76 118 119 
1 7 8 27 38 88 99 103 140 
1 3 9 10 28 43 116 129 141 
1 19 33 51 58 71 82 118 144 
6 7 9 23 39 60 69 71 94 154 490 
7 8 11 33 52 68 87 94 139 150 766 825 
3 12 21 44 46 68 70 116 128 131 385 
10 15 20 43 54 58 61 131 141 154 
3 4 8 23 25 41 49 90 99 148 
7 30 41 42 94 117 131 142 159 
2 7 9 13 109 110 134 137 147 
1 2 6 16 52 65 81 139 150 157 363 516 
10 11 30 31 37 78 85 87 129 145 
1 12 27 30 70 81 91 92 94 157 
5 7 19 20 25 41 54 76 153 762 971 
1 4 9 20 23 25 87 90 110 113 
1 4 10 12 13 70 93 108 163 
8 25 27 54 61 70 77 78 130 159 547 
3 6 8 10 25 53 54 70 150 
2 3 5 9 48 60 76 138 163 747 
10 15 21 30 71 74 81 106 107 145 
4 13 26 78 86 107 109 131 171 
1 3 6 8 18 47 73 82 84 104 
6 35 39 70 89 102 123 158 162 236 
1 6 15 31 50 71 84 137 142 163 536 
1 15 23 24 32 40 47 66 
1 2 6 15 27 32 56 103 164 165 438 
1 3 24 50 64 110 116 153 903 
10 15 18 19 21 31 44 55 101 150 
2 10 15 19 22 48 90 157 170 
1 8 35 55 66 86 131 144 152 
1 10 12 31 46 60 137 157 648 
1 3 6 7 10 14 58 69 111 138 
6 20 51 60 106 121 137 158 163 167 498 
1 6 12 32 61 99 104 128 150 179 
8 10 16 22 24 35 65 116 138 166 461 
1 6 11 34 42 46 65 85 156 
3 4 22 25 44 47 58 108 127 178 
1 6 31 41 65 94 120 178 
1 3 4 7 26 90 118 137 160 185 671 
4 9 23 31 59 141 148 150 164 183 813 
2 4 5 27 60 99 126 130 150 174 
4 8 17 24 33 72 73 122 131 169 797 
1 6 36 41 51 95 97 109 166 191 
1 4 12 35 37 41 60 110 173 863 
21 30 31 60 63 76 134 135 178 292 
1 2 4 6 8 16 44 52 122 
7 9 10 31 32 58 87 94 152 157 221 
5 28 45 77 84 88 99 126 162 
6 19 49 61 123 127 132 149 154 510 670 
11 23 27 66 86 111 120 172 197 
1 11 13 65 72 153 154 160 166 
3 6 22 59 62 77 86 122 153 154 223 408 
1 2 4 6 16 37 72 122 153 191 
2 19 23 71 80 86 141 143 188 
3 5 6 7 10 37 76 130 158 166 
1 3 20 22 26 48 61 74 95 130 
1 3 11 16 29 31 98 105 174 205 436 473 561 
1 3 7 32 38 83 133 162 187 
34 36 59 76 89 99 108 121 188 199 906 
7 25 34 50 66 70 131 143 152 189 323 
1 9 36 38 99 100 107 109 124 180 
1 8 60 63 66 76 91 102 156 481 
1 5 10 12 27 83 86 96 104 179 941 
1 3 12 25 87 136 138 149 162 873 915 
1 11 12 38 71 96 107 110 204 207 
3 6 11 36 61 111 150 167 186 773 
1 7 15 20 21 31 45 63 151 
1 29 36 39 55 65 76 89 130 214 
1 12 16 23 31 37 49 160 174 219 355 
2 12 25 44 46 79 81 95 109 
1 4 37 38 55 110 139 162 183 364 
4 15 17 64 69 126 158 166 174 181 308 
9 11 30 37 44 46 53 88 152 198 495 
1 22 24 31 56 95 144 165 185 217 
2 8 11 22 23 27 49 67 71 127 
1 4 9 32 49 54 60 134 216 218 
1 6 7 14 72 83 85 102 111 131 
21 44 74 131 132 136 150 159 197 203 951 
5 11 12 16 17 30 160 211 227 646 1001 
1 3 4 20 25 66 94 171 368 
4 6 10 12 13 22 53 64 69 73 841 
4 8 10 12 38 49 62 115 180 193 
9 21 24 60 102 105 141 144 174 230 247 700 
2 3 20 33 34 41 136 137 198 227 
1 93 100 108 112 116 122 146 175 203 
3 13 23 29 49 50 64 131 168 226 
1 4 5 10 50 76 100 114 219 
1 6 12 31 54 126 139 149 171 175 
1 15 16 25 60 90 147 153 156 190 
1 4 5 11 19 60 62 105 111 177 
5 16 18 27 37 70 104 110 129 136 
3 4 31 47 72 73 94 118 132 224 827 
2 3 4 13 31 53 68 109 121 222 
3 9 12 15 27 50 63 84 93 211 518 
1 3 4 5 28 71 114 117 170 209 588 
1 20 26 34 50 107 136 154 157 195 690 860 920 
1 33 50 51 68 71 127 140 213 
6 12 19 20 42 47 107 122 162 181 930 
1 24 31 50 66 135 163 185 211 246 
9 18 20 29 35 56 66 160 179 220 376 
10 24 67 70 99 134 187 192 202 204 
1 32 85 109 110 141 142 179 212 238 
2 7 12 41 94 129 184 204 226 244 
2 4 27 173 198 222 223 227 250 
1 15 21 23 42 57 93 120 183 186 
6 11 48 69 97 115 138 207 226 230 
6 15 32 65 67 77 107 240 244 
12 21 29 32 36 39 108 177 191 245 
4 7 28 48 54 64 131 167 184 549 957 
5 10 19 44 46 69 77 78 159 162 
7 19 46 60 132 192 210 222 232 260 
5 12 35 68 83 87 93 143 150 167 
10 25 35 44 59 116 164 238 509 925 
3 23 24 33 37 122 132 178 182 219 
1 10 16 23 28 44 51 63 95 
64 79 81 86 97 100 101 213 230 233 
1 8 19 22 25 44 96 102 244 267 1005 
10 19 43 62 100 109 141 144 153 202 
8 31 54 95 105 165 211 222 241 
1 4 6 13 33 39 109 174 267 
8 10 13 57 96 121 126 203 248 261 
3 12 27 28 77 103 155 184 212 213 985 
5 6 8 17 70 100 102 215 227 464 
2 12 14 24 99 137 154 178 254 261 
1 2 17 27 41 55 63 111 207 209 
32 66 70 71 99 131 152 177 189 255 
5 15 19 30 39 58 68 82 86 180 803 
3 56 58 92 98 101 130 166 256 266 753 
2 28 35 55 59 108 138 144 154 246 599 
1 54 69 115 129 134 154 162 172 
1 27 37 71 109 132 153 257 258 560 
4 5 7 20 23 110 143 238 254 257 
1 9 12 25 29 42 69 99 129 249 
2 13 20 47 97 100 103 109 132 228 
1 36 49 50 132 164 182 216 237 253 464 
1 4 9 10 79 146 168 203 282 
4 5 24 59 99 141 157 162 183 
1 20 35 73 88 104 121 183 195 222 
1 2 4 24 75 104 152 234 283 
1 5 23 37 72 75 116 123 177 233 752 911 956 
6 14 29 122 126 134 141 166 289 714 
1 16 39 52 61 110 137 207 262 
6 31 71 73 86 87 122 263 278 283 
1 4 5 12 20 67 94 121 135 232 805 
4 6 9 51 78 90 96 100 137 294 
27 60 79 86 131 173 199 227 235 292 
1 2 7 20 69 72 81 127 173 266 
7 31 58 145 153 162 197 226 231 273 
1 6 7 22 33 81 103 198 285 
7 34 54 64 103 105 111 252 275 279 307 
1 4 9 33 54 68 96 121 144 253 
1 12 27 29 56 131 145 186 233 260 
1 16 65 83 133 149 153 236 
1 16 57 60 106 111 166 178 276 
4 22 28 103 135 196 204 213 250 261 
1 2 7 73 82 112 129 136 261 290 
5 12 20 29 55 169 203 224 235 288 
5 19 56 61 102 103 115 167 276 333 
1 22 71 111 134 135 196 267 292 
1 3 4 19 23 25 50 186 201 237 
15 17 32 39 85 172 189 243 254 291 
2 13 20 21 110 128 139 174 220 249 
1 2 15 17 94 104 159 171 233 267 907 
1 2 4 24 28 57 70 131 208 212 
1 3 6 65 101 201 230 285 667 
3 4 7 10 12 45 109 110 122 220 851 
6 38 88 154 178 208 216 248 265 267 
1 5 15 21 35 41 111 195 199 654 915 
5 16 19 41 44 54 79 139 260 274 
37 53 60 66 78 97 157 176 241 267 982 
1 3 5 6 10 80 127 223 282 903 
1 23 28 47 64 105 152 198 247 301 
12 18 25 68 71 95 110 181 311 692 
1 32 37 59 94 142 170 266 299 
1 6 17 34 54 81 82 149 180 306 
11 16 20 33 49 50 53 271 273 298 1004 
6 23 42 59 93 131 185 246 250 272 
1 4 12 16 25 56 136 144 171 253 390 748 
2 3 11 21 41 47 66 75 198 212 
4 9 14 101 148 166 235 258 321 322 620 
6 7 11 31 40 73 76 98 111 211 
7 19 45 66 82 89 130 218 266 308 867 
35 52 59 73 177 195 196 216 221 291 
1 11 24 29 51 54 166 212 235 619 
1 2 36 47 90 104 202 246 260 
1 12 16 31 44 80 217 235 321 326 
4 9 41 89 99 112 125 161 225 
5 12 51 62 110 134 149 161 163 315 496 581 
4 9 12 57 69 123 166 191 260 
6 11 148 150 173 213 251 295 311 327 702 
12 16 17 22 25 35 67 150 274 
5 20 60 62 109 153 179 198 202 210 964 
8 19 23 50 54 143 159 186 240 309 
3 10 16 29 31 47 52 74 130 265 
1 2 8 31 46 52 233 298 308 311 712 
1 7 11 28 42 87 94 161 274 337 608 
1 6 12 26 31 200 220 256 297 320 
10 25 31 35 38 58 65 67 198 260 
1 7 30 38 52 55 131 152 225 336 
4 30 53 71 105 108 118 152 182 240 
3 6 53 60 64 95 114 220 311 350 392 
10 12 24 83 142 144 254 274 292 313 642 
13 31 70 104 116 128 243 253 351 724 
11 33 65 108 111 134 139 142 265 998 
1 4 7 10 67 90 99 107 177 
1 3 4 8 22 71 111 147 325 
1 8 123 126 138 140 153 281 337 
1 5 62 142 174 198 285 318 325 343 
1 2 19 20 85 186 196 198 291 713 
1 3 11 28 33 37 48 99 233 337 1023 
54 69 88 105 135 141 187 224 232 326 
1 4 141 169 187 281 293 344 350 
1 10 11 38 113 148 226 266 333 384 
1 5 7 16 24 26 89 134 263 279 
30 33 162 203 240 272 276 286 325 345 
21 24 27 29 141 239 252 312 343 345 419 484 
3 4 7 8 25 44 208 209 272 285 539 
1 6 8 12 17 52 61 298 366 
2 16 21 38 84 104 135 168 193 231 
10 11 38 70 86 199 217 272 339 358 
1 7 20 41 267 278 291 309 312 412 
23 75 82 92 188 207 260 276 324 371 
8 24 67 76 121 146 180 199 241 294 
1 27 51 145 173 238 283 315 352 633 
2 4 6 9 33 35 52 76 102 270 
4 16 25 51 60 64 207 208 
6 17 19 67 127 139 141 147 160 209 
1 12 35 64 87 160 209 274 330 
1 2 5 35 37 65 132 154 372 
6 12 21 25 71 78 85 220 293 
1 12 41 51 97 119 133 138 194 261 
2 18 23 64 101 128 145 159 160 275 
1 36 102 128 160 242 318 319 
11 16 33 88 115 177 209 225 255 378 
4 41 67 89 182 203 309 311 355 366 816 
4 35 41 60 113 127 265 312 360 382 984 
1 7 24 52 97 123 187 256 322 782 
17 20 47 51 71 90 103 196 330 355 885 
15 25 33 42 59 71 94 106 236 389 702 
2 5 12 29 32 43 147 170 214 335 497 569 
1 8 55 69 111 154 225 255 303 
1 2 15 16 20 27 54 60 221 
1 3 10 68 110 140 155 176 345 
1 5 32 60 108 117 129 177 249 341 
1 3 5 17 37 88 97 112 124 202 939 
10 28 97 141 235 261 263 276 352 358 740 
1 12 15 55 72 83 127 188 225 381 
1 15 22 64 85 110 164 219 240 367 
5 12 31 50 75 181 327 339 378 709 818 
54 61 64 137 140 195 209 249 325 345 
29 45 59 68 89 108 130 171 177 289 401 642 867 
1 6 15 16 24 71 99 142 307 325 
1 3 4 38 44 146 289 315 350 
1 32 64 68 107 125 199 224 257 298 
2 11 43 48 105 178 244 282 360 374 808 
1 2 50 103 116 121 141 193 239 402 487 821 
2 10 20 33 56 68 124 272 313 397 
1 2 29 97 99 136 140 186 219 234 
10 15 48 65 99 153 236 306 342 365 377 
1 29 35 51 87 291 346 370 381 399 
4 23 32 59 60 122 160 201 240 289 
5 20 50 59 75 114 172 240 286 
23 26 32 36 37 110 119 140 220 285 907 
1 6 10 33 75 158 177 248 779 
1 5 9 10 12 20 122 134 360 378 
4 28 34 43 68 97 109 121 153 236 
2 7 9 12 16 35 182 206 290 342 
5 6 20 69 106 210 296 321 415 
4 7 12 89 102 168 180 200 236 253 
11 35 40 44 110 171 173 198 348 350 
1 26 32 71 106 137 140 177 226 409 705 
8 10 31 43 99 112 119 122 342 392 
1 8 67 81 138 164 185 202 326 404 664 
1 27 28 31 43 77 95 209 215 292 
1 3 10 21 46 86 107 129 194 290 776 1014 
29 126 206 227 295 310 316 383 400 402 
3 6 11 128 135 145 306 341 410 420 548 
1 17 31 46 60 168 214 218 259 381 
2 26 42 108 136 145 210 243 308 410 883 
1 4 48 94 103 186 343 369 422 428 657 
1 23 30 39 68 137 153 207 342 395 
77 117 132 147 211 222 251 345 373 396 
97 106 111 118 136 194 271 338 392 407 676 846 
7 10 33 60 64 90 108 204 206 
1 19 71 85 124 195 313 327 359 407 
1 140 163 177 202 221 290 294 388 
15 35 111 172 178 196 198 315 320 424 
4 11 50 153 189 230 301 320 343 424 
1 9 62 172 218 327 372 380 409 662 831 
4 6 11 32 77 153 188 200 227 273 647 
1 42 44 47 70 146 162 250 315 417 
12 23 31 58 110 116 193 205 407 427 
10 16 31 37 96 178 191 334 340 394 
1 10 12 31 102 106 142 249 322 376 
1 6 23 39 56 71 148 237 352 875 
1 3 12 15 19 65 160 225 228 511 
1 39 69 97 99 126 182 270 362 387 
3 12 35 39 60 97 154 205 207 431 
1 2 6 26 32 38 209 400 429 445 635 
1 10 13 23 34 44 48 99 153 379 
1 16 41 52 117 185 198 356 392 422 
1 2 3 11 149 169 200 261 300 
1 5 7 23 162 215 263 294 408 412 453 789 
1 7 8 38 74 102 118 245 326 451 778 
1 2 54 60 79 86 95 256 359 382 791 
1 25 31 42 46 109 180 220 242 417 
1 17 24 67 103 104 118 178 201 339 
5 31 62 66 188 226 257 275 433 919 
3 19 26 31 33 70 123 222 338 454 
1 61 122 137 175 187 234 240 376 398 
1 7 32 33 149 158 170 210 445 455 
6 16 31 45 129 163 181 234 378 450 
1 5 32 75 108 110 173 292 322 358 
1 6 34 50 62 71 240 248 263 271 
5 22 23 33 42 81 200 257 392 434 518 
9 46 50 52 139 160 169 198 380 441 
5 11 53 57 68 118 210 228 249 265 923 
4 5 9 85 136 198 218 285 298 390 
4 15 31 35 60 73 212 225 236 403 
4 7 28 38 42 122 123 240 329 373 774 1006 
11 12 31 32 49 97 125 208 275 342 
1 33 63 96 242 408 429 682 
69 137 194 220 252 321 330 331 350 422 
6 7 10 29 37 44 79 101 137 196 933 
60 105 126 172 237 256 262 368 380 432 
3 10 12 86 108 171 350 409 421 431 702 927 
1 24 32 34 40 59 102 176 299 363 
1 4 6 43 116 182 186 252 419 450 
9 34 37 65 194 274 282 295 356 424 
33 41 102 191 199 202 219 301 334 451 
3 4 9 14 32 97 104 147 233 475 
1 53 229 257 269 279 335 348 356 395 
23 25 33 101 104 142 267 321 409 477 
1 6 31 86 123 124 230 273 286 306 
1 12 17 85 90 107 195 208 327 474 
12 25 65 86 91 140 182 274 419 445 519 
16 31 38 54 90 168 186 198 343 377 
5 8 11 83 142 290 321 471 472 1008 
1 10 71 117 141 157 162 182 249 453 
1 38 111 123 163 167 172 326 342 429 
20 42 94 106 169 203 344 368 390 428 
1 7 11 160 201 360 371 373 443 480 980 
1 2 70 130 154 175 262 412 455 
4 10 13 26 74 104 121 289 407 
1 10 17 19 28 175 411 420 450 467 
12 33 67 73 81 176 193 267 420 429 
12 35 41 71 93 114 183 185 433 493 
75 108 139 166 193 212 218 351 356 389 
3 31 100 175 201 240 306 381 419 460 507 
1 6 18 177 220 260 320 381 472 
1 19 61 78 104 171 214 251 330 342 349 
1 2 51 55 59 99 334 370 393 
11 15 27 98 131 140 144 156 241 385 962 1009 
4 23 65 89 196 231 236 254 278 446 
9 12 39 76 104 110 144 276 429 496 898 
53 63 71 99 131 142 156 355 445 454 953 956 986 997 
10 24 32 82 87 93 100 124 245 373 
16 133 151 189 247 350 352 425 426 461 583 658 
14 109 228 230 268 321 335 392 462 492 
39 42 50 106 128 213 298 397 400 449 
4 17 33 46 74 91 124 288 409 434 
13 20 28 34 41 56 125 234 301 335 
1 3 15 34 86 137 278 334 352 395 
23 39 79 156 160 198 211 353 458 479 637 
27 62 81 114 134 137 194 257 295 301 
15 39 41 60 144 169 189 210 308 313 
1 2 4 6 9 31 57 80 99 222 
1 5 6 35 63 82 108 264 287 326 
55 77 115 117 171 277 324 449 468 491 
1 76 168 177 197 207 247 388 494 509 
3 4 57 64 120 279 313 344 442 489 
1 5 33 46 99 238 419 487 
1 21 48 73 121 135 306 344 413 443 460 
1 3 12 45 79 223 226 268 336 478 742 
3 4 31 33 52 83 110 148 161 377 
1 51 89 114 218 240 309 338 342 505 
12 24 43 86 100 101 159 187 284 311 
4 46 48 104 109 132 158 425 491 
1 3 10 160 202 210 262 275 325 463 
1 3 23 57 258 260 360 458 502 506 
6 11 31 99 159 219 227 286 312 337 
3 30 41 76 99 111 135 179 315 434 791 
1 31 44 45 57 60 99 130 250 
3 6 32 130 133 143 198 333 429 443 532 887 
4 17 22 34 35 159 272 352 492 
29 65 107 124 126 190 240 286 334 418 
2 3 73 85 129 267 274 313 456 525 
2 7 10 19 94 97 129 177 185 475 871 
2 12 20 68 179 239 271 280 309 312 371 693 774 
1 2 60 143 184 205 225 278 324 
12 49 76 108 322 340 403 435 461 487 
1 5 20 31 55 99 174 196 462 513 
22 35 46 117 144 203 259 261 336 
2 8 57 66 74 103 156 196 402 544 
3 10 30 42 76 81 169 247 494 
2 6 19 47 72 86 150 405 406 489 
4 11 22 41 103 179 201 215 485 489 
9 55 63 70 105 111 137 275 363 364 
12 24 34 57 97 160 323 365 377 462 
2 6 44 48 81 215 260 401 439 749 
4 33 34 48 183 184 185 193 232 420 
4 10 22 33 102 144 203 229 290 525 738 
1 9 61 118 198 212 241 277 295 519 
1 2 6 48 122 126 141 292 324 345 
2 5 6 31 49 92 214 261 318 545 839 
10 11 12 15 23 141 194 198 310 322 861 
1 6 21 27 28 50 214 366 388 
1 10 42 101 103 187 305 331 343 465 
1 6 43 59 86 142 210 373 489 498 552 
2 32 51 77 81 89 116 192 325 351 790 1012 
1 5 7 9 92 219 329 341 362 473 
4 69 77 140 198 232 248 272 283 520 557 
1 8 15 36 44 55 68 375 467 688 754 
10 15 18 20 109 174 202 219 462 540 
1 46 72 269 290 320 321 423 461 471 
11 106 130 165 195 207 321 342 362 566 
1 7 22 87 111 121 201 411 412 564 
1 6 15 97 142 223 224 344 460 926 
2 15 22 104 159 201 262 346 399 521 
24 93 107 113 120 165 244 361 397 430 
4 41 81 94 118 164 205 242 313 327 
1 40 56 97 101 134 140 149 399 535 
6 58 106 138 153 257 471 492 564 1011 
27 44 50 55 110 134 221 253 386 391 706 
1 26 118 194 292 300 374 399 489 514 
1 10 44 105 129 180 186 196 374 383 
4 6 11 45 82 283 334 434 476 
1 2 9 65 150 229 327 347 471 480 
1 2 6 58 59 81 136 181 364 425 
10 68 174 182 183 184 247 288 469 525 
10 25 90 103 109 122 159 399 420 438 
2 6 12 15 21 43 50 159 203 343 
11 15 16 35 60 64 105 142 
5 63 71 134 171 204 242 353 395 
4 30 108 127 346 347 372 385 421 452 523 
1 5 41 68 178 252 274 372 472 575 931 
4 7 10 32 60 107 166 191 193 237 901 
4 64 78 85 144 158 160 197 263 461 
21 55 76 168 251 299 335 346 447 491 
2 21 54 62 87 184 272 287 350 532 
1 3 103 162 231 240 280 321 406 
1 10 12 37 114 119 156 226 738 
8 24 116 144 186 235 236 420 484 522 
6 32 61 98 216 234 328 350 413 527 566 
13 39 46 105 116 169 206 325 403 899 
18 54 57 163 268 331 360 483 529 
9 45 59 71 114 132 277 316 441 460 762 
70 71 101 127 164 295 296 348 391 497 
2 21 29 48 71 157 183 461 492 587 799 
1 10 12 27 65 102 148 401 514 801 
33 34 52 211 277 308 468 477 486 556 
30 50 166 283 297 303 487 539 542 551 886 
1 48 69 211 288 327 428 535 
5 22 63 67 87 103 254 279 307 451 
1 25 26 34 76 102 247 301 596 
2 8 44 50 104 110 124 185 189 338 
6 16 31 56 134 242 314 352 446 540 
2 35 57 105 137 210 237 293 305 472 
42 53 66 86 90 220 286 455 464 469 
6 43 56 57 91 213 302 304 326 378 
15 16 48 164 245 289 297 500 603 723 
2 10 11 53 70 99 101 126 210 220 
1 13 38 43 45 63 182 238 498 534 
65 100 225 253 271 309 381 385 389 459 625 1017 
45 48 50 61 74 147 169 340 553 609 798 919 
10 21 22 43 109 218 296 354 458 
1 13 31 60 83 169 303 398 412 510 1001 
8 11 20 27 163 305 320 353 368 489 938 
1 2 6 29 178 241 242 312 385 410 619 
1 11 41 62 108 201 224 432 472 502 
1 99 111 115 142 164 182 212 223 295 923 
1 20 28 156 316 318 404 443 462 485 
22 29 53 94 97 101 117 141 361 411 515 661 
1 6 108 180 190 207 208 313 328 619 
14 69 86 106 181 188 195 215 325 356 
1 21 33 50 93 111 183 225 333 411 
1 27 56 71 176 188 244 266 290 541 
1 15 45 160 179 185 199 435 489 
25 104 150 152 160 195 200 246 374 576 
1 14 70 77 143 181 298 375 460 468 
8 9 18 33 356 363 519 575 624 
1 2 3 10 277 320 377 446 484 528 
1 7 31 46 62 100 205 252 322 410 618 
7 10 23 68 153 269 286 330 422 627 
6 10 44 46 108 229 285 461 609 628 
6 14 15 42 54 195 241 304 357 434 587 894 
13 20 27 139 160 198 205 321 477 491 
29 43 56 89 296 312 333 341 352 598 
3 48 77 101 116 154 253 286 473 588 811 
19 44 47 59 77 112 185 327 369 463 
4 10 11 19 69 71 82 338 370 586 
1 38 52 59 66 128 158 185 358 556 706 
50 60 77 178 189 194 234 328 445 638 
4 6 8 254 260 297 333 432 471 562 
1 36 76 83 256 263 309 457 524 
1 5 30 64 124 221 222 397 532 611 662 931 
1 14 18 83 88 102 203 207 317 492 791 
1 11 58 84 101 237 298 315 414 522 569 
4 31 39 41 43 61 73 286 458 545 951 
2 36 59 64 97 159 196 269 298 339 487 
91 129 170 174 190 284 336 345 521 615 
1 4 6 22 42 76 142 256 322 585 
3 10 34 173 185 307 464 485 535 620 896 905 951 
8 10 22 43 181 220 238 317 503 633 
22 111 142 151 154 258 349 455 590 645 658 829 904 
7 106 127 135 160 171 211 380 574 614 
1 4 30 191 216 223 226 258 549 589 
2 6 50 66 97 165 224 241 336 650 
5 22 42 57 121 283 427 534 567 630 1010 
8 11 48 50 64 93 136 160 274 596 
8 16 48 65 166 194 337 367 441 560 893 
1 10 56 69 103 163 202 377 460 529 620 
4 170 178 237 279 294 367 415 522 623 
4 15 17 204 350 393 436 609 640 647 932 
1 9 42 54 65 152 334 407 473 492 717 
1 4 12 32 154 252 349 529 583 590 
2 109 121 202 416 418 462 486 590 625 795 856 
1 2 12 23 99 108 194 421 463 566 
1 9 10 12 43 60 91 242 322 672 
1 11 61 62 196 409 502 504 505 589 
1 2 21 22 44 101 224 239 317 359 
35 38 70 73 158 228 327 411 444 599 692 
54 101 201 238 249 297 305 337 460 487 903 
1 6 39 96 130 157 273 300 409 655 
21 53 58 94 182 190 253 371 616 674 688 
45 55 74 94 100 135 178 189 208 517 
4 6 33 54 143 443 452 508 696 
4 10 12 121 375 416 458 460 536 592 
21 65 70 84 89 106 203 581 602 656 
24 144 175 204 460 482 500 526 582 664 
25 41 75 86 207 224 360 374 543 596 
1 6 41 42 59 79 144 197 396 483 548 
1 9 12 111 188 260 344 472 564 671 
34 43 60 179 274 409 444 486 592 
1 16 82 134 198 269 292 376 649 
2 4 7 19 23 72 108 177 372 502 953 
1 5 11 19 50 129 185 363 454 499 1021 
8 39 138 203 318 360 381 417 426 455 642 
24 50 123 172 208 231 281 288 608 871 
15 16 20 23 37 48 90 412 603 676 
6 94 223 236 361 486 531 562 634 688 931 
2 8 10 29 56 78 347 403 429 445 923 
42 101 128 141 184 221 258 286 312 400 
23 24 41 53 130 193 269 315 351 422 
4 20 24 41 86 131 422 503 515 567 
1 79 97 122 200 233 285 297 316 493 551 
1 4 11 13 81 192 240 358 468 663 681 
3 4 38 44 72 184 281 357 399 570 578 
2 16 46 83 87 104 169 311 408 434 
85 152 162 208 232 236 334 570 635 663 
1 4 35 94 110 118 158 213 426 704 
23 29 33 87 248 422 433 495 516 583 
4 10 48 81 133 148 253 365 461 
10 11 80 86 89 202 382 634 640 
4 55 99 170 352 379 483 499 645 832 
2 19 43 81 114 160 259 393 513 585 920 
2 8 76 89 157 273 465 520 524 649 730 783 
8 37 131 135 164 180 238 274 422 549 
3 61 207 238 241 273 299 318 402 499 877 
4 60 73 116 121 268 328 493 581 
134 178 192 265 294 313 419 480 523 574 
3 36 52 65 71 206 386 406 527 645 708 1009 
4 71 81 165 183 397 522 572 615 637 
5 34 38 39 55 69 169 520 554 576 
6 20 39 93 108 370 505 518 554 660 
9 14 17 57 131 190 323 350 491 
12 31 58 68 117 152 160 567 651 774 
21 35 59 101 219 263 288 363 563 611 
6 123 137 146 281 461 524 618 648 678 
1 114 123 202 288 366 367 507 560 638 700 1005 
22 29 82 109 117 321 526 530 635 
4 102 122 244 250 278 314 442 590 638 1021 
53 60 147 294 315 331 433 448 470 575 
6 13 57 96 125 128 153 402 436 529 
2 9 13 56 105 115 158 195 198 333 843 
6 49 122 200 272 309 419 422 516 657 788 
5 9 12 26 41 44 263 298 586 715 993 
2 18 36 43 47 127 152 402 631 640 805 856 
4 157 166 215 317 377 458 464 599 625 
5 19 64 137 165 177 179 198 228 273 
41 101 295 303 357 474 535 568 644 696 
3 4 6 26 40 78 436 706 707 712 
4 28 39 78 206 209 307 327 420 576 
17 120 160 174 187 212 246 278 663 668 
19 35 38 54 67 89 284 359 446 579 
15 17 39 70 158 176 240 429 460 563 746 804 
1 6 10 35 44 68 73 122 127 
6 10 41 65 333 338 390 545 597 719 720 
45 51 60 160 282 446 619 640 653 
11 130 151 181 218 428 455 501 574 718 
1 10 25 60 83 122 233 234 633 700 
5 9 10 23 53 177 459 479 506 540 
15 84 89 246 267 396 486 522 558 682 
6 26 42 56 71 132 144 207 261 613 
1 9 13 64 77 142 323 326 716 829 
1 6 11 56 60 79 134 151 154 419 722 
11 58 137 211 235 282 422 550 601 685 
1 12 37 54 74 104 185 390 447 747 
63 69 77 149 324 339 390 458 604 711 721 
1 11 74 101 147 148 149 209 345 558 
16 24 44 58 241 410 416 463 515 691 764 929 
55 77 114 130 333 422 445 489 663 734 
27 51 126 140 179 322 356 567 637 742 893 
3 17 61 140 283 299 336 341 470 
11 19 35 48 61 92 122 135 155 267 
1 8 17 21 104 217 468 566 595 643 950 983 
1 5 6 106 157 252 375 592 650 726 
10 14 50 58 130 267 312 466 542 679 732 
21 68 104 108 125 191 224 281 371 616 834 847 
10 27 132 190 302 341 508 538 600 734 
5 9 16 38 109 145 303 579 737 
1 50 128 237 274 349 534 592 714 936 
31 60 153 199 243 256 280 472 503 756 
2 42 52 86 239 277 300 494 569 672 1007 
4 9 20 123 137 153 182 207 233 388 
11 13 16 78 174 238 281 294 300 519 621 
2 25 93 145 208 261 437 467 469 639 
13 36 53 79 101 168 218 508 573 716 
19 46 64 95 149 245 568 702 760 
7 12 42 91 160 185 198 206 583 975 
3 38 60 179 229 251 329 342 587 621 832 
122 130 277 303 407 457 559 644 650 745 997 
19 86 126 186 301 476 477 537 542 657 
4 9 106 179 243 545 604 647 666 674 765 
1 7 93 116 129 173 327 408 651 766 775 1007 
6 10 23 50 204 417 442 615 659 
12 21 34 37 64 106 177 708 751 773 
4 34 56 94 252 268 457 485 499 725 915 
9 11 16 21 73 206 227 363 396 420 
3 23 48 104 132 317 633 678 684 
1 6 11 17 122 153 177 317 441 674 758 
2 4 9 23 26 46 55 100 417 630 844 
30 68 123 200 216 281 285 419 521 559 711 
12 32 37 77 391 493 551 594 649 770 
8 10 17 80 91 113 202 364 395 449 798 
1 39 96 186 198 279 324 496 707 
5 11 149 174 183 330 403 448 469 516 
5 14 163 202 363 420 458 583 608 694 770 
9 10 30 61 127 158 306 476 638 661 
1 78 81 104 214 219 222 417 441 708 
6 9 15 198 230 284 479 487 492 601 
5 24 26 49 90 94 99 294 468 740 
84 106 213 257 280 315 330 445 641 675 
1 4 14 143 170 229 281 491 496 662 670 
5 10 58 78 116 281 311 316 402 533 
4 9 10 52 83 187 344 366 475 601 
10 16 38 82 181 233 324 362 372 441 896 
1 4 7 8 16 210 410 575 702 732 
1 16 23 73 77 109 237 308 410 572 
1 2 3 6 10 71 102 149 621 709 
3 21 32 48 170 178 377 694 753 786 790 905 
5 16 26 44 73 99 244 250 311 626 
1 23 146 152 233 281 322 343 349 385 927 
2 6 9 150 213 495 502 504 695 971 
12 14 72 86 143 177 368 649 656 784 
1 6 31 120 162 207 267 273 360 771 
4 10 76 84 261 275 328 498 561 795 951 
15 24 41 79 201 246 422 528 530 611 718 
1 7 86 283 299 369 417 539 739 744 
43 60 71 104 118 345 411 472 607 629 735 
37 180 185 252 368 475 541 552 587 783 
1 25 137 143 302 306 315 495 631 640 952 
1 206 245 306 315 434 448 500 548 554 
10 18 25 87 118 142 173 320 346 807 905 
11 20 27 35 82 109 188 326 355 712 
1 2 12 45 46 153 478 480 583 767 
1 35 44 50 114 150 311 548 760 777 779 
65 81 163 201 441 450 461 524 533 817 
1 15 75 110 141 351 387 410 469 707 
1 4 48 163 185 259 580 692 776 814 
1 16 50 61 133 222 382 611 623 703 833 
1 51 76 148 154 235 295 318 352 716 
9 10 74 111 181 229 602 606 718 737 
22 68 113 115 137 202 422 464 551 724 956 
1 87 132 191 359 378 442 473 481 495 886 
8 17 19 22 56 191 334 544 629 768 
4 19 43 92 231 321 407 680 697 792 
10 16 23 62 76 316 361 371 481 668 
29 32 101 134 182 202 203 313 556 
1 6 11 18 78 195 245 414 645 763 
35 39 160 173 321 357 405 475 579 758 
27 39 51 406 430 483 549 603 790 806 
48 51 95 132 163 338 465 669 768 782 818 
12 25 101 131 142 189 217 347 685 828 
2 38 41 46 62 65 149 202 274 681 
10 20 23 43 62 207 315 370 563 637 
66 83 103 136 139 169 288 374 766 
1 11 71 234 260 274 349 463 502 631 
9 74 337 384 586 602 613 657 699 781 
4 13 22 25 47 121 155 180 241 420 923 
24 29 81 100 218 289 411 444 503 806 
4 25 198 207 231 260 443 498 501 604 
4 49 71 249 337 356 481 520 746 812 
1 5 27 55 116 301 342 555 729 741 838 
1 6 25 102 184 395 470 481 638 800 
32 34 49 52 88 145 147 156 417 505 
11 15 30 31 48 109 245 447 481 834 
9 15 36 62 72 170 413 437 438 695 
44 48 127 222 223 260 483 566 649 726 
5 48 107 175 176 250 338 491 791 803 890 
10 24 41 46 61 103 270 436 596 737 
4 11 18 28 109 218 302 408 586 656 849 
4 68 227 230 240 261 375 411 469 549 976 
10 27 102 140 343 433 575 653 670 715 
45 74 273 313 369 421 471 473 520 678 
1 5 7 21 24 69 342 483 498 652 
41 65 77 89 174 202 345 609 623 749 
6 23 128 302 338 531 691 735 793 848 
6 22 67 198 268 269 434 461 679 1009 
6 27 85 99 127 181 577 605 741 767 849 
2 4 6 21 35 125 459 552 687 746 
76 111 200 260 286 307 376 405 449 595 607 
3 12 14 25 41 51 119 164 198 787 
1 55 56 354 385 468 484 568 684 823 
1 2 11 60 176 235 340 345 385 446 
2 109 136 162 177 178 268 314 421 610 
7 25 158 166 289 294 309 352 631 737 
1 3 7 9 44 197 432 520 567 
15 43 105 277 283 345 370 388 597 813 
6 19 108 150 178 321 333 512 547 793 929 
65 89 100 189 222 388 550 604 668 672 788 
12 136 219 223 258 338 488 663 760 847 
13 14 15 16 50 233 368 388 503 517 652 953 
3 35 42 60 146 192 343 464 699 711 837 998 
1 24 69 111 170 410 438 595 631 697 774 
1 7 31 45 59 61 68 123 224 343 949 980 
20 89 136 154 321 409 580 639 671 755 
3 8 15 123 292 368 382 543 716 728 875 
56 147 206 260 276 309 400 462 547 812 833 848 
4 26 46 71 126 172 358 394 414 706 806 
1 4 44 103 133 166 296 417 487 748 
54 56 127 135 179 192 298 317 575 712 905 
2 136 214 233 263 381 710 725 774 857 880 
5 8 9 31 54 186 499 515 735 865 
23 44 199 258 378 409 483 604 760 791 
6 16 61 69 254 276 292 409 492 504 897 
1 57 87 96 156 165 611 657 746 791 992 
1 4 34 60 101 551 591 752 759 790 
7 99 103 127 137 297 356 367 374 500 666 
15 23 31 198 233 370 378 382 437 725 1005 
1 4 10 44 50 60 88 461 549 682 
1 18 43 132 181 184 347 418 449 697 
6 15 43 53 72 173 177 201 577 595 
20 21 35 134 147 149 256 273 606 892 
1 21 57 114 157 159 344 512 788 814 
31 53 61 145 156 219 462 540 657 713 
10 41 44 81 109 144 370 530 695 895 902 
1 67 112 138 162 230 283 519 651 800 
5 24 62 141 216 239 289 496 782 830 986 
31 76 106 188 239 257 375 453 551 636 
1 12 141 194 385 389 392 537 564 712 
40 41 127 177 222 509 578 711 789 888 
24 43 71 122 266 323 337 602 839 869 
23 106 143 202 257 267 474 539 708 716 893 894 
1 3 38 96 356 389 397 453 575 842 
46 54 116 233 392 446 536 615 708 792 
160 192 290 504 588 648 712 772 853 960 
2 23 78 280 290 468 712 838 859 889 913 
3 59 80 89 263 409 492 667 713 780 
4 15 68 86 101 262 598 604 684 756 
1 26 35 61 112 119 336 519 611 794 
1 99 142 241 269 304 373 401 402 446 983 
11 12 58 154 264 365 371 413 580 795 
4 11 156 247 412 430 443 520 750 902 
29 74 143 158 285 291 295 356 585 788 
13 90 150 360 437 438 461 493 649 697 944 
36 43 127 340 365 366 388 477 580 737 1021 
10 35 70 128 170 298 345 448 482 632 
1 7 16 72 93 141 343 545 589 811 
22 46 122 318 420 539 593 644 703 
1 59 62 65 83 148 395 401 454 574 
2 79 131 172 178 271 301 431 506 533 851 
38 57 69 75 280 335 667 686 835 
1 6 16 51 112 114 192 298 673 860 
1 27 29 32 35 52 55 74 294 791 
23 37 71 124 254 263 486 599 719 923 
4 20 21 27 32 130 441 501 757 801 
2 12 48 94 102 249 384 414 560 806 
1 22 193 219 328 460 483 492 713 770 980 993 
1 10 62 119 241 591 618 715 740 875 
2 11 24 205 330 346 422 468 633 762 994 
1 4 71 84 89 228 471 716 786 904 929 
4 9 42 59 82 106 359 438 515 884 
1 53 141 165 201 263 289 335 596 812 
94 172 227 355 739 792 812 840 861 891 
2 5 10 57 68 283 322 429 485 663 
6 8 13 38 44 227 359 476 533 686 
1 10 21 31 131 141 164 287 297 499 831 
6 11 26 113 227 231 356 402 448 685 
4 6 62 207 354 452 512 521 556 563 786 
10 12 19 35 77 138 212 430 537 585 610 
1 6 309 404 423 589 614 733 848 855 
5 6 65 200 294 309 547 563 595 608 714 
4 11 48 55 60 67 72 95 414 673 
25 35 182 214 265 266 303 310 761 933 
1 2 5 7 26 31 93 101 158 760 845 
48 60 155 168 171 262 653 733 790 826 
55 101 313 364 414 546 631 725 903 943 
2 22 33 61 110 178 486 545 717 781 786 
1 44 52 57 76 328 346 721 818 819 
25 27 30 33 102 371 582 651 770 774 788 
1 6 31 34 141 162 173 236 437 503 
4 8 34 66 97 104 172 386 634 644 
4 49 177 494 495 641 835 868 904 
1 19 22 26 36 154 190 240 286 881 
6 11 116 184 503 511 564 628 633 712 820 
1 47 60 151 160 185 194 705 708 908 
8 40 69 122 179 206 300 554 561 644 854 
1 3 15 25 60 141 525 845 920 922 
19 29 86 251 490 609 658 672 736 739 
1 25 111 140 249 405 512 584 589 888 
2 7 11 60 166 238 361 515 589 617 620 
202 301 458 516 568 646 652 663 794 809 913 
1 8 30 89 110 186 437 701 747 780 
10 34 45 55 129 283 522 697 768 934 
67 116 216 338 483 507 512 557 752 797 
3 5 8 72 121 233 330 417 464 614 901 
7 28 281 394 411 412 582 743 830 957 
9 10 25 45 57 132 157 274 503 819 
6 50 102 107 153 182 383 757 772 
6 35 65 105 114 349 640 719 773 887 
1 10 46 145 169 208 261 301 511 535 971 
1 40 41 53 81 89 107 664 673 970 
1 16 55 82 103 114 211 345 597 606 
12 38 51 128 283 480 493 872 951 960 975 
27 28 86 120 300 307 479 611 618 649 832 893 
9 13 23 25 229 423 652 786 812 976 
36 38 50 71 144 200 230 250 326 872 
119 148 152 341 444 467 620 634 954 957 
4 11 49 157 272 299 459 696 797 902 
1 7 46 47 70 116 195 311 318 772 922 
1 24 81 132 236 781 831 948 952 976 
6 100 159 314 334 337 502 552 768 974 1023 
1 6 17 23 306 469 514 518 576 775 
12 147 324 360 400 689 705 805 861 944 951 
15 26 31 71 116 192 311 368 507 573 
1 4 32 33 226 332 490 538 660 809 
1 47 129 169 307 352 391 756 801 904 986 
2 27 31 66 377 424 541 620 822 
1 38 89 193 213 338 427 488 813 925 
7 140 160 181 309 330 443 495 744 876 926 
27 39 187 262 349 428 519 591 648 717 745 
2 16 29 78 245 538 665 755 785 982 
4 17 69 127 200 207 263 483 565 567 
3 5 9 23 30 37 203 249 265 718 891 
3 7 32 100 114 289 368 392 424 521 
1 4 20 31 50 232 496 597 644 670 
1 2 44 51 108 130 349 862 907 967 
4 9 12 19 23 136 146 190 295 311 
2 20 35 52 66 73 123 218 356 810 
56 79 206 220 307 520 751 757 825 844 
35 109 258 558 562 753 766 874 933 938 939 
27 103 106 112 209 489 591 649 709 889 
6 12 27 30 42 58 245 306 629 957 
31 60 293 336 397 468 688 727 907 943 
12 73 231 236 318 337 375 547 617 840 
17 27 33 166 389 628 665 808 923 948 984 
6 9 60 62 63 68 94 131 260 795 
3 69 109 149 229 318 535 573 591 786 
1 2 6 18 142 243 363 674 841 990 
63 185 252 282 315 434 445 530 745 900 
3 34 145 180 202 261 337 538 690 866 904 
8 69 83 158 273 301 594 614 636 694 935 
30 77 79 115 163 290 342 373 453 808 921 
4 13 54 58 293 326 335 542 603 906 
1 2 4 9 98 99 207 347 452 
73 97 115 264 416 463 476 607 632 696 
15 46 65 119 131 142 202 293 365 406 633 
3 9 10 57 90 99 128 227 326 479 962 997 
2 23 33 58 202 304 608 764 773 819 1006 
84 122 134 187 252 536 800 892 952 1011 
22 32 52 67 357 376 425 485 675 814 980 
1 32 60 101 103 152 237 470 618 838 980 
