1024 19861 0

1 492 602 
1 2 150 771 
1 2 3 
1 2 3 4 84 978 
1 2 3 4 5 614 
1 2 3 4 5 6 
1 2 3 4 6 7 440 
1 2 3 4 5 6 7 8 
1 2 3 5 6 7 8 9 92 606 
1 2 3 4 5 6 7 8 10 497 
1 2 3 4 5 6 9 10 11 175 
1 2 3 4 5 6 8 11 12 96 169 
1 2 3 4 6 8 10 11 12 13 417 
1 2 3 5 6 7 8 11 972 984 
1 2 4 5 6 7 8 11 13 14 918 
1 3 4 5 8 9 10 12 14 192 299 
1 2 3 4 5 9 10 11 12 13 14 96 460 469 781 976 1017 
1 2 4 5 6 8 11 12 13 14 17 186 1007 
1 2 3 4 6 7 8 9 11 12 15 
1 2 3 5 6 7 9 11 12 13 14 15 17 519 
1 2 3 4 6 9 10 11 12 16 17 20 21 
1 2 3 6 11 12 13 14 914 
1 3 4 6 8 12 14 15 16 18 19 20 22 23 381 
1 2 3 6 8 10 13 17 18 20 21 121 330 897 
1 2 4 5 8 9 12 15 16 17 18 21 23 923 
1 3 5 7 10 12 14 15 16 17 21 24 26 
1 2 3 5 6 8 10 12 13 14 16 21 24 26 407 
1 3 5 6 7 10 13 14 22 23 24 26 27 28 650 
1 2 3 5 6 8 11 16 18 23 24 25 29 395 
1 2 5 6 8 10 17 20 25 27 30 
1 2 3 4 6 8 14 20 21 23 25 26 27 28 30 194 
1 3 4 8 9 10 12 16 17 23 25 854 
1 2 3 5 6 13 15 16 17 19 20 23 25 30 31 32 33 
1 5 6 8 12 13 14 15 20 21 24 33 
1 2 3 4 5 9 11 16 21 29 31 33 148 
1 6 8 9 11 14 16 22 23 26 27 30 367 387 
3 5 6 9 11 12 16 30 31 32 35 36 
1 2 4 9 11 14 15 16 19 25 28 29 30 31 33 
2 4 5 6 7 8 9 14 16 17 18 21 22 23 31 36 361 
1 3 4 5 6 10 14 15 19 22 25 34 227 760 
1 3 4 7 8 12 15 16 18 24 28 32 34 38 427 827 
1 2 5 6 8 12 13 16 19 20 23 24 28 33 39 41 145 
1 2 4 9 12 13 16 17 19 21 22 26 27 32 34 41 338 353 373 831 
1 2 3 5 7 16 21 23 24 25 27 31 34 40 
1 2 3 4 5 6 7 8 10 12 14 15 23 27 36 43 
1 3 6 8 12 13 14 21 22 26 28 29 32 39 
1 2 4 5 6 7 10 16 22 29 37 38 43 45 47 110 
2 3 4 5 6 10 12 14 15 16 17 22 24 29 34 815 
1 2 3 5 7 8 9 12 25 27 31 44 303 406 
1 2 3 5 6 10 11 12 13 17 20 22 31 638 
1 2 3 4 5 6 11 13 15 17 19 23 29 42 43 47 177 688 722 
1 3 4 6 7 12 15 23 27 33 36 37 49 51 684 
1 2 4 5 8 11 12 14 18 19 25 37 43 45 47 51 
1 3 4 5 7 11 12 14 19 20 47 49 552 571 
1 2 4 6 8 11 12 14 16 22 23 27 435 865 
1 2 4 5 7 8 12 14 17 21 22 31 35 39 41 44 48 
1 3 5 6 9 12 14 20 25 27 29 34 37 42 47 50 52 353 
1 4 5 10 11 18 19 26 29 31 34 35 36 39 50 51 55 721 
1 2 3 5 9 12 17 19 22 26 27 28 35 43 49 56 653 
1 3 4 5 6 10 13 25 28 29 33 34 36 44 47 232 480 577 
1 3 6 11 12 24 26 35 37 41 43 47 50 52 61 82 749 
1 5 6 8 13 14 19 23 34 35 40 41 43 44 48 50 52 62 903 
1 3 5 8 18 21 23 29 30 38 45 47 52 60 
1 2 4 6 8 11 14 19 22 30 31 34 36 40 43 48 51 60 61 897 
1 2 3 5 7 9 12 16 24 31 33 42 43 62 
1 4 5 7 11 15 22 24 30 35 37 46 51 57 85 207 552 595 862 
1 2 5 6 11 12 14 16 17 18 34 40 42 43 50 65 112 474 619 782 
1 2 3 4 5 9 11 13 16 17 24 30 33 53 55 63 64 
1 3 5 8 9 11 21 23 32 36 41 43 48 52 61 68 
3 4 5 6 12 14 16 19 24 26 29 38 48 50 52 54 55 
1 2 3 4 5 6 8 21 31 43 48 54 56 62 63 70 
1 2 6 8 11 13 14 15 16 30 48 50 51 53 55 60 65 164 
1 4 6 10 17 21 32 34 38 39 40 41 43 44 46 48 54 67 72 
2 3 4 7 9 11 16 18 23 27 31 42 44 49 67 
1 2 3 4 14 19 23 26 38 44 50 52 59 60 70 
1 2 5 10 14 17 22 26 29 36 41 58 59 65 71 72 256 407 975 
3 4 5 6 12 17 20 26 30 34 35 36 44 47 70 75 77 154 
2 5 6 8 10 11 22 23 27 29 31 34 35 58 64 66 71 77 100 901 
2 4 12 13 15 21 25 45 47 50 59 66 71 74 
1 3 4 5 7 8 26 33 41 55 67 69 70 74 75 79 744 853 
1 5 6 14 15 16 19 35 39 41 43 44 46 47 65 73 79 254 
1 2 3 4 5 10 12 13 21 27 38 44 45 55 57 77 
1 2 4 5 6 7 13 14 27 31 35 39 47 54 65 80 82 532 973 
1 2 3 4 5 13 24 27 30 35 38 69 75 82 624 
2 5 7 8 11 13 15 36 37 39 41 43 53 54 55 66 73 163 
1 2 3 4 9 18 20 24 35 37 41 42 45 51 52 62 79 81 
1 3 8 12 16 20 24 25 33 36 42 69 71 82 
1 2 3 8 12 14 16 25 28 32 52 55 58 77 82 83 
1 5 8 9 10 11 16 22 24 28 45 51 75 79 85 
1 4 5 6 16 18 23 28 30 33 43 66 69 72 76 79 994 
1 2 3 4 5 7 10 26 29 30 35 53 56 61 69 79 82 84 250 458 828 
1 3 4 5 6 8 11 12 16 18 31 33 50 52 58 64 69 75 83 90 225 
1 2 3 6 11 13 17 21 22 23 24 29 33 43 54 64 78 89 
1 2 3 4 13 16 21 33 45 47 59 60 69 80 89 93 613 
1 2 3 5 12 14 16 30 50 63 65 71 74 75 82 87 92 
1 2 3 4 9 12 17 18 21 26 36 37 48 49 55 61 66 83 85 96 119 667 
1 2 6 11 15 16 18 19 21 30 32 38 55 67 68 87 89 581 
1 2 3 4 5 8 16 22 26 29 44 47 61 76 79 815 
3 10 14 23 25 31 39 42 44 50 62 63 64 66 75 77 81 
1 6 7 12 14 33 36 43 56 60 77 80 83 86 99 954 
1 2 3 8 11 19 30 31 36 39 43 61 77 96 513 
1 2 3 4 5 10 12 19 36 38 40 43 65 71 72 79 83 94 363 
1 2 6 8 10 11 13 15 16 24 31 37 48 49 53 65 87 103 325 875 
1 2 4 16 17 18 19 30 38 42 45 50 54 61 67 81 94 100 480 582 719 
1 4 5 13 17 18 19 25 33 35 50 54 55 62 66 72 76 90 95 
1 3 4 5 6 14 30 32 33 38 42 43 46 48 51 52 78 90 976 
1 2 6 13 19 36 44 48 54 55 68 69 75 81 102 104 730 849 865 
1 2 3 4 6 8 10 11 16 18 23 31 32 56 75 76 84 93 
1 6 8 12 15 16 18 19 20 25 28 33 38 45 65 80 87 107 149 
1 2 6 13 19 22 23 28 40 41 48 55 70 81 92 
2 5 6 8 9 15 19 22 23 27 32 35 44 63 76 79 83 87 91 99 383 
1 4 6 11 12 14 16 25 28 34 36 48 64 72 83 93 109 433 
1 2 3 4 5 7 16 25 27 30 36 42 43 51 56 66 67 108 109 338 781 
3 6 8 9 11 15 22 37 66 68 75 80 99 102 106 114 
1 2 3 5 6 7 10 11 13 27 32 33 35 37 47 86 166 
2 4 5 6 11 12 19 25 30 31 51 53 58 71 72 87 90 97 115 
1 2 10 17 21 47 50 54 56 58 61 68 69 73 88 99 114 285 855 
1 2 3 5 7 12 15 25 32 38 50 57 66 84 110 113 482 
1 3 6 8 13 16 27 30 45 63 70 74 75 77 78 86 88 95 
1 2 3 6 8 9 10 14 19 30 31 35 52 53 55 56 65 68 89 448 
1 2 7 16 24 27 34 36 37 47 55 59 61 66 111 112 
1 2 3 5 6 8 14 25 32 36 42 47 57 59 85 106 861 946 1017 
1 10 13 17 25 26 34 36 54 64 68 70 77 79 98 107 
1 3 6 10 12 16 21 24 25 33 54 61 68 81 82 91 93 106 123 
5 9 10 12 15 18 28 33 34 35 50 67 80 90 94 96 101 102 110 366 
1 4 6 16 21 43 47 55 65 71 90 92 102 106 113 119 122 418 694 
1 2 8 11 12 14 21 29 47 60 87 92 93 99 111 112 114 125 146 
3 6 8 16 24 33 34 35 39 49 54 58 69 104 113 115 120 122 575 
2 4 6 11 14 15 16 18 20 24 27 32 54 66 84 89 92 96 123 
3 4 5 10 22 23 30 35 39 66 80 81 96 105 111 116 130 298 301 
3 5 6 13 18 22 30 34 42 44 47 58 72 75 82 84 119 
1 2 5 8 12 14 17 19 22 26 32 48 61 66 89 91 110 559 
1 4 10 11 13 22 32 40 41 43 48 49 50 51 107 115 117 122 486 
4 5 10 16 22 27 31 48 50 53 55 71 72 77 83 101 106 111 121 
1 2 3 4 5 7 17 20 29 48 55 61 63 87 102 124 131 134 697 887 
2 3 4 6 9 14 35 39 50 51 52 78 92 106 107 108 114 542 677 
1 6 7 9 12 14 21 28 32 50 56 69 77 89 104 105 127 131 
3 8 10 15 16 20 29 33 34 35 36 41 43 50 66 76 89 90 95 128 167 480 
1 2 14 18 28 29 30 46 49 51 54 65 69 72 77 83 123 128 133 623 
1 14 19 27 35 36 55 58 65 66 67 77 81 86 129 
1 2 3 4 5 6 10 12 13 15 21 35 50 55 65 72 119 125 127 129 
1 7 10 18 24 25 49 50 52 55 66 82 91 108 114 119 127 353 555 809 
1 2 3 5 12 30 40 50 71 73 79 81 84 92 102 141 333 528 
1 2 10 12 18 37 38 44 52 61 76 92 98 111 117 142 
1 3 7 12 15 19 36 38 58 61 62 63 67 71 83 89 117 145 474 
1 3 8 16 20 26 31 36 37 43 44 55 61 69 104 131 132 139 142 
1 2 3 5 6 10 26 34 39 45 47 48 50 61 68 69 147 
1 4 10 14 30 35 36 40 41 43 64 66 87 100 114 118 133 146 292 
1 3 4 11 16 17 29 41 52 73 77 81 99 113 116 137 143 433 
1 2 4 5 17 27 32 34 48 52 53 56 61 72 126 127 138 140 596 
1 6 8 14 15 28 33 42 66 67 73 75 77 93 117 118 130 
1 2 8 11 14 29 30 52 53 56 68 83 89 98 102 107 125 131 138 714 
1 3 4 6 10 15 28 37 41 56 65 68 85 102 112 118 131 144 145 
1 3 10 11 28 31 36 51 52 56 58 67 68 84 98 134 138 146 
1 2 8 9 10 12 13 16 20 25 43 86 93 95 101 119 122 127 146 1015 
1 7 8 9 10 11 47 52 55 64 70 80 86 87 110 117 125 134 294 
1 2 3 12 14 29 33 35 51 66 101 104 106 115 143 496 832 894 
2 3 4 5 6 19 23 44 55 61 77 89 104 108 110 124 133 134 
1 3 8 10 11 18 21 22 27 40 56 70 98 100 130 137 
1 2 3 5 19 27 30 33 39 40 49 64 79 88 112 121 134 141 489 
1 6 9 12 13 14 24 32 34 36 48 53 55 76 91 99 124 151 156 
1 3 9 16 17 19 27 30 41 47 71 75 85 90 133 150 153 311 
3 6 8 10 12 17 21 25 27 30 47 66 93 123 125 136 137 149 
1 2 6 8 11 13 21 24 28 33 38 68 72 86 99 106 127 
2 3 4 5 6 7 16 20 37 38 49 51 56 74 83 106 118 129 161 229 
4 10 18 23 26 30 33 37 41 45 65 89 98 108 109 111 133 146 154 231 830 
1 6 12 15 18 24 26 27 45 52 83 101 106 118 123 130 416 
1 2 5 6 8 16 21 22 40 45 50 56 63 81 109 113 118 161 163 398 
2 3 5 6 26 29 31 35 55 62 67 75 81 82 83 96 130 158 874 
3 6 8 9 11 13 18 34 74 75 87 107 126 137 148 156 164 394 
3 4 10 12 25 27 30 31 55 72 77 80 90 93 99 101 105 120 155 279 681 834 
1 2 4 5 8 15 16 23 24 26 37 65 117 133 149 154 156 535 
1 3 4 6 13 14 16 21 44 47 81 100 110 128 137 149 160 169 275 601 
1 4 5 13 15 16 18 19 26 28 29 33 34 66 76 99 113 130 168 329 831 
2 3 15 27 30 32 36 48 53 54 57 59 76 91 110 120 156 175 
5 6 7 12 16 35 42 52 58 64 71 72 122 127 137 146 157 176 736 
1 2 4 5 6 17 33 34 45 50 54 56 67 70 71 89 133 756 
1 2 4 11 36 56 62 63 69 70 74 77 141 163 169 334 732 
1 3 10 31 43 71 87 93 98 99 143 146 159 163 172 
1 2 6 14 17 19 24 27 35 44 50 53 68 71 94 112 116 117 163 169 492 567 783 
1 2 5 6 19 57 71 74 85 94 113 133 141 147 167 172 175 
1 3 4 8 12 13 15 17 45 67 81 102 120 136 138 140 143 163 173 470 800 1009 
2 4 11 12 13 14 15 22 71 104 105 120 126 136 143 156 172 173 
1 3 4 6 8 9 11 19 26 31 42 52 68 84 97 116 149 183 
1 4 5 6 10 19 21 35 43 100 109 134 136 139 146 155 156 170 179 
4 12 34 38 41 46 61 73 90 94 100 104 121 130 138 147 162 186 
1 2 3 5 14 17 18 26 38 51 73 87 119 135 142 158 176 455 524 889 
2 3 8 9 10 13 26 30 32 34 64 70 71 74 80 104 105 
1 3 6 18 19 32 33 44 66 77 80 105 137 165 186 421 848 974 
1 3 6 11 13 21 26 36 39 43 49 60 67 69 97 110 131 147 560 
1 9 12 18 32 51 64 73 80 121 138 159 160 
2 6 8 17 21 34 44 45 58 89 91 102 105 113 128 155 156 178 183 189 
1 2 4 12 18 21 26 30 49 57 62 64 94 128 133 156 161 180 191 367 697 757 
8 9 10 13 17 21 24 26 30 36 45 47 52 53 98 118 165 178 893 965 
1 3 4 6 15 16 22 28 35 56 74 77 85 107 113 128 152 168 338 761 
1 2 5 8 10 14 27 30 34 55 70 78 88 111 173 357 
1 2 3 9 16 19 30 44 49 54 56 59 62 65 89 101 125 171 
1 5 6 8 14 28 36 42 49 64 71 94 113 118 131 132 138 176 179 191 283 461 
1 3 6 8 11 16 25 32 38 43 55 82 91 110 120 164 170 184 189 251 
15 23 27 30 31 32 34 45 54 65 69 70 86 89 98 105 125 145 163 173 
1 2 3 8 12 19 22 36 50 71 73 145 154 158 163 175 451 
1 6 16 22 24 32 34 53 54 63 89 100 112 122 129 141 149 180 187 618 
1 5 10 17 25 28 34 52 58 61 62 71 97 120 136 157 199 201 
1 5 8 15 24 33 49 50 68 70 77 93 110 117 118 171 183 189 
1 2 12 15 16 18 26 30 44 61 80 101 120 145 146 173 185 191 200 714 1005 
3 10 12 13 16 18 19 25 30 38 55 57 60 70 86 110 120 143 
1 3 5 6 10 17 38 61 67 79 89 124 180 189 240 279 
1 2 4 5 6 8 14 17 18 22 34 49 55 61 77 91 103 118 145 171 470 646 726 
2 3 4 6 10 35 45 51 53 84 90 100 105 118 127 148 161 188 208 417 646 717 844 
1 6 13 16 18 20 22 36 53 55 69 70 86 87 89 99 113 174 175 205 688 713 
1 4 5 16 22 34 41 50 56 60 61 69 82 93 101 163 171 196 202 843 
1 2 5 11 14 16 22 23 39 43 48 54 65 97 105 108 145 146 285 615 872 
2 3 6 15 63 64 68 73 103 114 148 153 155 158 171 192 200 201 205 210 900 
1 9 13 16 21 23 30 54 68 73 84 105 107 109 122 130 154 191 205 
1 2 12 15 20 24 34 47 52 69 77 93 104 171 172 185 198 211 214 617 
39 49 53 56 59 66 68 74 97 106 111 126 136 169 173 187 196 198 204 676 784 836 
1 4 5 10 17 30 32 36 43 45 54 62 98 102 103 157 164 180 204 
1 8 18 56 70 82 86 89 98 99 101 111 145 147 158 160 194 212 715 
1 2 5 6 25 31 77 86 95 109 115 151 160 164 172 186 190 205 212 263 378 
1 2 3 6 16 21 22 24 35 39 73 77 81 94 100 114 125 137 158 209 300 930 968 
5 6 8 12 16 19 29 48 55 58 89 96 97 103 167 170 197 204 214 391 
1 3 5 6 12 16 20 28 36 51 53 71 74 119 125 161 176 188 
1 2 6 8 10 20 33 35 49 50 63 80 91 113 114 135 181 194 768 
1 2 3 6 13 16 18 19 20 30 49 77 103 104 105 200 215 216 223 272 637 
1 5 7 8 12 17 21 22 24 26 50 59 77 93 99 178 190 196 211 593 826 
1 2 3 4 6 12 75 81 85 100 108 131 132 150 204 206 402 661 
1 4 19 27 30 37 40 43 48 51 59 123 128 163 180 191 226 265 932 978 
1 9 12 13 16 21 23 34 52 55 59 89 90 101 110 121 170 209 515 734 
2 3 10 13 16 17 31 33 35 62 94 111 113 129 138 169 217 227 436 570 
1 4 16 17 31 61 69 75 79 85 88 94 105 117 120 188 199 223 228 
1 3 8 16 23 38 54 55 65 82 87 91 117 146 161 179 189 225 330 860 
1 3 11 12 17 21 25 31 36 41 100 120 124 129 132 136 196 217 
3 5 6 23 25 26 27 29 34 59 70 80 85 99 105 114 125 133 190 221 
2 3 5 8 16 18 30 37 43 68 99 106 109 113 118 143 149 195 202 485 824 
2 4 6 14 16 19 21 25 49 61 62 63 104 120 138 165 171 187 441 
1 17 32 35 48 69 97 110 121 126 161 165 166 175 204 211 215 703 
3 4 5 15 19 22 30 40 51 53 63 69 86 98 119 128 131 184 190 216 
1 2 5 6 12 16 17 20 30 43 51 54 86 88 150 175 182 205 211 216 
1 2 3 5 17 19 22 33 58 91 93 97 126 137 141 148 178 210 212 225 247 409 
2 5 7 16 17 21 49 51 52 74 96 100 101 110 117 151 167 226 238 567 
1 12 13 17 27 51 52 71 115 129 134 135 140 161 168 174 178 198 205 239 250 280 
1 3 6 9 16 43 45 54 62 98 104 115 137 143 153 164 237 773 
6 8 13 16 19 27 33 43 45 46 70 84 91 93 99 137 172 189 210 223 716 
1 3 4 5 6 36 42 59 71 79 81 91 125 145 161 227 236 976 
1 10 19 21 47 53 56 62 82 84 85 86 102 163 171 172 184 195 214 215 
1 4 6 35 65 77 80 88 101 131 180 186 187 206 222 228 240 
1 2 5 7 9 10 13 14 37 52 61 88 145 204 206 210 225 234 
6 17 18 21 34 36 37 41 47 57 88 92 93 97 134 210 215 217 247 372 
2 16 38 50 54 70 83 88 97 101 106 109 120 153 176 178 191 195 210 230 
1 3 9 10 31 39 52 86 89 107 110 126 130 160 165 171 191 236 443 
1 6 8 14 26 28 30 49 50 66 70 72 78 121 167 185 193 197 
2 5 6 12 20 33 38 45 52 55 72 98 116 118 127 138 139 215 223 248 734 930 
5 12 16 27 32 36 41 44 47 50 62 66 71 78 123 178 187 223 227 449 523 
7 8 55 67 76 95 114 115 124 134 161 168 175 176 196 213 231 246 500 
2 9 17 20 21 23 25 37 46 53 62 64 107 144 149 199 200 205 217 225 950 
1 2 7 8 10 14 17 21 28 43 63 69 117 139 151 167 168 176 198 
12 14 20 31 40 41 57 67 69 78 80 97 99 106 129 148 151 177 229 240 
1 2 3 5 8 16 20 21 29 30 40 50 72 85 95 105 111 154 157 
1 3 18 28 32 39 41 54 58 59 86 132 139 144 162 163 225 234 246 
1 2 29 32 38 60 84 89 99 104 124 140 157 172 194 221 245 247 255 
1 3 11 17 23 24 37 50 61 68 119 153 172 210 222 230 244 833 
1 2 6 16 17 23 26 40 42 55 74 81 112 113 134 168 189 239 
1 6 12 22 26 43 45 50 51 57 80 94 109 120 142 155 156 169 171 253 
1 2 5 23 24 52 55 66 79 80 101 105 131 138 163 213 232 246 252 
1 2 3 6 12 16 29 50 80 110 114 129 130 143 156 169 180 229 251 253 646 744 
1 2 15 16 21 22 23 29 30 38 50 56 65 68 90 125 158 217 405 719 1024 
2 3 9 11 16 17 18 65 67 72 80 99 136 167 176 215 222 246 856 892 
1 2 15 33 37 43 54 62 63 65 95 120 134 137 143 157 167 209 228 263 868 
1 4 5 6 10 34 47 49 65 89 90 93 120 136 155 156 186 238 256 
1 6 25 30 38 54 72 92 103 113 139 161 162 170 202 218 231 244 1008 
1 3 10 11 16 18 23 28 50 59 72 87 98 102 130 131 168 231 257 
1 2 4 5 15 21 29 33 37 38 41 52 78 85 98 124 201 247 272 
1 2 3 6 10 11 21 24 36 43 52 75 90 101 108 203 243 245 600 
5 6 12 17 28 29 32 35 49 53 56 69 80 138 162 182 183 189 231 
1 2 3 17 22 24 41 92 93 97 108 116 130 201 210 220 730 841 1004 
1 2 5 11 17 31 51 59 72 99 102 106 115 121 139 145 148 260 263 
1 3 16 24 25 46 61 63 71 107 131 146 159 162 173 273 
1 3 5 6 8 11 12 14 25 71 97 99 107 155 161 183 194 
1 3 5 21 22 30 43 51 52 71 94 105 153 166 172 187 233 245 276 961 1024 
1 3 4 5 16 26 39 41 45 46 58 96 110 163 165 171 176 181 237 
1 2 4 8 18 22 28 34 35 39 70 99 116 124 136 142 188 234 260 
1 5 8 9 10 23 36 55 87 101 110 135 145 160 161 212 231 236 270 
1 4 6 11 44 53 56 61 65 83 98 101 104 161 171 181 206 282 283 905 
1 3 8 11 49 52 71 80 101 112 131 172 173 200 230 261 
2 12 21 41 47 54 57 59 60 82 83 103 121 122 157 164 181 199 215 553 658 
1 3 20 28 29 49 51 53 67 69 70 75 77 129 200 236 246 268 282 574 675 
1 13 14 22 25 28 55 59 67 97 111 127 146 150 187 193 196 200 245 257 
1 2 3 5 6 22 23 41 53 65 90 93 98 142 167 187 192 217 238 
1 3 5 29 30 33 41 68 75 91 115 164 174 182 213 236 240 
5 13 34 45 52 55 61 80 87 91 92 124 144 200 210 219 235 263 977 
1 3 6 8 11 18 22 25 30 32 53 71 80 102 172 689 
2 3 15 32 36 54 64 67 86 102 121 173 174 177 186 193 198 211 226 800 
1 2 3 4 5 16 21 30 34 54 83 89 96 97 119 126 137 186 236 288 
2 11 28 32 38 39 43 72 79 80 84 99 126 132 150 168 173 224 231 246 709 806 
1 2 11 27 31 44 52 81 92 116 120 136 140 144 161 175 266 919 
1 4 5 6 12 19 57 58 60 72 78 93 113 118 210 242 261 
3 7 16 20 23 31 49 53 58 85 103 108 117 163 164 175 202 207 283 
5 9 23 27 29 30 36 57 66 82 134 139 158 166 180 221 230 242 265 
1 11 15 24 35 36 51 64 79 82 92 148 174 196 231 246 249 
1 5 6 14 17 26 33 51 74 106 139 154 201 234 239 243 257 278 747 866 
1 15 24 25 35 83 106 142 144 149 152 164 214 244 268 270 271 276 
1 3 11 13 17 32 34 38 44 51 52 124 127 140 151 154 226 298 504 874 
1 3 4 8 16 22 25 28 52 55 62 67 93 95 121 157 169 176 223 270 693 
1 18 21 27 29 33 43 45 53 69 105 110 119 143 147 153 228 232 235 236 
3 8 22 24 28 29 46 82 107 123 145 149 151 152 163 189 250 302 
1 5 6 7 19 22 23 27 32 35 50 51 63 91 105 110 119 267 579 690 1000 
23 24 25 31 33 37 50 74 85 113 127 136 155 170 191 193 195 230 277 305 
1 5 7 11 16 22 30 42 55 85 109 148 152 177 199 206 229 255 661 
1 3 4 6 10 14 15 82 89 121 153 156 160 177 184 193 205 245 745 
1 6 21 31 50 54 56 58 71 82 91 101 106 112 148 216 236 251 617 
1 10 11 14 15 27 47 49 51 59 71 78 158 159 202 206 222 231 243 258 625 
1 3 7 35 43 53 54 90 91 94 95 98 104 108 157 163 164 178 310 
1 11 14 17 25 28 36 47 56 88 92 94 113 122 133 145 167 206 271 920 
1 8 13 23 52 75 76 80 90 93 98 100 123 187 218 245 288 342 457 951 
1 4 5 7 9 17 35 39 72 91 149 178 182 188 230 234 260 288 312 815 
1 2 4 5 16 23 31 50 103 126 139 160 161 189 205 223 242 264 764 
3 4 5 12 22 23 34 54 77 115 135 143 165 211 231 305 314 414 
3 7 8 10 14 21 27 70 80 98 99 103 121 152 161 179 217 239 246 560 
2 15 22 24 28 39 45 51 58 77 127 143 148 156 167 171 176 237 294 299 
2 5 6 10 22 24 30 35 36 39 41 56 93 164 169 185 232 293 562 641 
1 19 25 26 30 33 39 64 79 89 93 95 97 117 164 179 223 278 319 392 
1 2 3 4 18 38 42 127 128 130 132 149 155 167 216 229 236 262 281 605 867 
1 3 7 9 15 32 42 44 51 62 102 104 111 159 199 246 266 306 866 
1 2 6 16 20 21 22 29 31 37 42 51 119 143 149 158 207 229 261 273 536 
1 18 30 32 46 49 65 80 85 87 95 98 135 142 149 168 170 173 261 308 482 531 
1 2 3 5 11 17 21 38 71 87 93 128 154 161 232 243 268 293 310 
4 5 11 22 56 71 76 77 91 110 119 129 159 175 228 252 295 317 323 
1 2 4 15 53 64 68 80 86 96 106 108 112 113 129 190 240 275 287 295 307 
1 3 11 21 25 29 33 49 61 83 112 121 142 168 214 267 284 315 325 998 
4 6 8 24 25 32 33 47 68 80 83 97 137 169 184 221 280 298 522 941 
1 2 5 28 35 52 82 85 89 101 119 140 147 184 189 208 230 261 265 312 
1 2 5 8 9 21 27 33 76 102 167 175 197 204 218 237 246 305 320 324 712 
1 2 6 16 55 61 77 101 126 175 208 209 231 243 265 292 295 313 687 
1 5 6 12 22 30 46 50 54 97 121 161 211 232 283 461 822 
1 6 11 22 31 51 98 112 120 159 180 205 251 252 253 295 
18 19 27 35 37 51 79 101 114 119 125 149 153 164 169 206 222 230 244 300 
1 3 11 20 27 29 47 48 65 79 91 95 127 137 150 186 205 308 328 337 
2 3 17 23 27 28 37 47 50 68 72 89 95 104 222 226 254 259 894 
2 5 6 11 33 35 42 45 53 61 102 188 229 230 268 291 296 301 328 
12 13 21 38 43 72 88 102 104 112 180 187 230 241 250 263 272 291 298 332 689 
1 3 5 6 21 30 40 56 72 94 99 130 172 236 242 274 282 336 664 682 
1 8 17 22 30 41 67 90 99 135 137 146 188 205 222 243 296 325 
1 2 3 4 6 10 12 25 36 54 65 89 93 182 186 227 250 251 
4 12 20 25 62 69 86 102 104 116 141 144 159 180 191 209 213 228 304 
3 8 10 12 19 24 45 47 112 118 181 206 243 266 281 302 317 338 344 
1 4 5 15 21 28 39 51 64 71 92 111 129 143 156 174 200 202 215 223 430 631 
2 10 12 21 27 43 65 66 97 135 158 176 211 252 258 284 933 995 
1 2 6 7 40 41 49 61 96 100 117 120 143 158 179 234 247 276 341 569 
1 2 8 19 22 23 36 42 44 52 85 92 141 156 179 200 204 217 289 
1 2 18 43 47 55 59 76 79 81 104 107 116 118 167 213 318 332 413 869 918 
2 5 12 15 17 24 41 44 67 74 124 127 183 211 217 231 248 258 292 
2 5 6 28 40 43 45 50 85 101 176 190 191 242 250 317 320 323 678 
1 4 10 22 38 41 45 57 79 80 130 137 197 233 257 260 262 293 325 
2 4 19 31 66 68 82 90 104 119 121 137 150 159 201 211 250 275 651 890 
2 30 37 58 61 67 89 96 133 134 147 157 164 210 240 247 262 287 291 408 
2 18 26 33 36 41 83 92 103 193 199 203 261 286 308 319 323 354 775 
3 10 17 19 20 28 35 47 54 85 185 253 259 260 277 288 330 
5 6 7 9 16 29 34 59 66 76 80 95 162 175 246 284 326 850 
3 11 18 30 51 62 69 73 110 132 141 144 182 231 262 282 306 309 324 339 
1 11 15 41 55 57 59 62 101 144 161 183 184 263 265 280 318 319 350 690 
2 27 30 51 61 74 122 125 139 147 157 158 166 217 221 224 235 288 295 319 
1 3 5 7 28 29 48 53 58 63 64 77 79 98 99 167 201 218 265 297 
3 5 6 13 21 22 25 61 100 132 136 149 155 210 211 258 293 329 358 
1 2 9 18 22 24 64 76 79 83 108 159 189 201 229 232 300 313 316 320 
3 10 21 32 51 69 83 89 90 99 114 137 148 152 179 237 268 284 322 348 705 
2 3 13 14 20 39 103 105 154 164 210 218 288 354 356 808 
9 10 18 19 27 34 45 60 80 87 94 106 123 139 142 180 223 290 332 334 889 1022 
1 3 5 8 9 18 20 22 34 35 37 61 64 79 88 120 215 230 282 
3 5 21 23 26 30 33 80 141 167 169 195 223 273 310 320 327 360 431 957 
1 5 6 13 30 42 61 65 76 91 109 117 214 228 251 287 317 350 359 
3 5 8 12 27 42 45 89 123 134 198 230 240 243 253 261 270 279 341 
1 3 5 7 13 21 28 32 36 39 66 71 72 104 131 162 163 307 358 484 730 837 
1 3 6 28 29 30 40 67 69 76 77 106 118 141 210 211 275 301 343 
1 6 19 27 32 35 37 39 52 75 93 162 170 195 224 229 302 361 374 791 931 
1 6 8 12 22 29 37 51 74 75 105 121 173 205 208 232 258 279 346 
14 26 28 39 57 63 65 70 90 161 167 178 211 223 245 284 319 332 367 371 
2 6 9 10 18 24 31 46 61 68 70 78 134 142 150 168 171 235 430 685 
1 3 4 9 11 52 53 79 109 126 188 234 283 296 298 322 325 363 557 608 
5 7 11 25 29 34 52 54 63 65 96 112 134 141 156 186 233 308 340 521 1001 
3 5 8 14 19 55 66 73 95 151 152 171 254 269 290 300 367 369 828 967 1020 
1 16 25 30 64 77 100 119 122 128 137 140 175 236 252 267 296 357 378 617 
1 2 5 10 21 26 43 62 69 77 91 104 117 120 139 150 194 247 285 336 382 554 
1 6 7 8 13 39 47 73 87 104 119 131 141 147 150 219 234 235 260 320 493 
7 10 18 23 27 32 40 48 51 75 84 109 123 254 284 287 351 358 379 380 
2 4 6 19 21 30 46 80 90 93 99 103 115 126 165 171 292 294 311 
10 43 61 63 65 93 139 151 152 204 229 238 239 269 271 280 322 325 329 373 633 
1 2 4 5 47 53 58 65 87 90 122 164 204 273 302 324 326 337 383 826 926 
3 5 6 11 12 17 19 25 32 53 89 102 209 221 308 330 354 376 387 
2 5 6 8 11 17 28 37 47 103 114 126 134 182 198 210 229 243 250 363 
1 2 3 6 9 12 24 52 61 66 77 89 159 221 317 337 339 342 532 
1 2 5 12 13 15 23 28 34 50 62 100 108 141 143 209 210 261 315 356 
4 5 6 9 16 19 39 40 46 57 101 182 196 198 225 247 276 297 325 385 777 
1 3 6 20 48 75 87 92 93 99 140 162 165 202 224 235 248 258 354 831 
3 5 7 15 31 64 79 82 101 153 182 210 229 238 292 319 331 347 385 508 
1 3 5 8 39 41 52 99 107 110 111 115 142 209 221 240 244 246 301 354 734 
3 12 13 25 42 45 47 50 53 107 129 140 147 158 165 223 234 321 338 370 782 
1 2 3 5 7 29 39 58 72 85 115 141 156 158 201 246 248 267 335 598 621 801 
2 5 8 19 26 41 42 91 94 117 162 172 181 183 186 221 238 301 979 
1 2 4 8 12 37 39 55 105 119 154 205 286 288 351 366 453 627 
1 2 3 5 11 16 24 36 51 75 85 89 189 311 347 355 393 395 
1 3 8 12 13 22 37 50 73 76 117 122 125 141 156 161 172 175 193 313 1006 
1 3 5 6 7 36 43 72 75 89 107 184 248 251 252 325 328 348 392 984 
1 2 3 5 16 38 42 60 81 104 131 134 137 138 164 180 249 281 386 398 618 
1 4 8 12 21 40 43 101 123 142 150 185 209 211 264 265 270 359 370 372 
19 22 30 36 52 59 90 93 126 173 184 206 236 238 271 276 294 304 315 392 
1 13 69 72 103 123 151 153 158 217 224 248 250 274 277 316 320 
5 6 9 10 13 14 18 41 44 55 59 71 87 94 160 163 173 178 356 404 
1 6 18 22 23 25 57 75 77 156 239 240 274 292 374 380 384 390 
1 8 33 38 41 55 71 82 101 176 194 205 221 225 231 235 262 267 354 409 
1 2 8 24 25 31 67 82 93 111 130 191 290 306 312 346 352 388 407 
1 5 26 37 38 56 74 77 91 115 118 148 159 176 301 303 358 359 369 439 457 753 877 
1 11 34 44 57 58 66 69 96 101 180 189 211 221 232 237 241 248 276 362 705 790 
2 4 9 10 11 22 28 46 96 116 161 167 204 272 315 340 349 384 396 
5 8 12 15 16 31 38 51 67 91 101 102 157 158 181 186 241 278 334 562 
1 3 6 9 18 20 39 80 87 98 123 161 179 203 207 238 290 323 379 382 1019 
14 20 24 26 48 66 82 169 203 215 233 242 275 302 384 391 395 403 409 
1 6 13 19 21 23 31 33 51 66 71 75 95 101 109 137 174 341 414 
5 10 12 22 31 33 42 52 68 70 85 104 144 158 185 187 282 319 383 933 960 1021 
1 5 6 36 37 117 130 137 169 175 192 232 251 293 301 307 316 329 350 391 523 
2 7 11 12 13 15 24 41 50 61 78 90 109 121 145 206 210 222 252 403 645 
2 13 25 36 99 104 116 125 130 169 178 222 241 249 251 260 302 373 406 918 
1 3 13 14 28 51 58 92 151 171 198 235 241 278 319 371 400 419 966 
6 8 15 16 17 24 25 26 44 55 73 74 78 123 209 224 241 253 417 
5 8 18 22 24 31 36 64 85 111 112 130 207 219 242 283 325 348 363 887 890 
3 5 12 21 23 24 31 52 54 88 125 135 169 218 246 298 369 396 402 788 
2 6 9 14 34 55 109 114 115 120 131 151 188 204 206 235 275 293 328 338 933 
5 14 23 37 51 70 137 157 172 185 211 217 236 237 260 288 327 335 339 358 976 1008 
1 3 4 11 12 21 33 35 39 45 87 101 171 173 242 249 305 312 326 375 990 
3 11 12 34 64 99 134 135 151 169 217 231 266 340 346 368 397 424 786 860 
1 2 3 11 14 18 43 50 63 64 91 230 276 289 344 371 373 384 425 826 
2 6 7 13 21 26 38 56 60 82 99 100 130 143 154 188 203 225 304 394 482 873 1003 
1 6 28 30 88 118 170 173 177 193 223 234 242 284 342 412 
1 4 13 55 68 79 81 83 89 134 145 147 155 157 176 211 305 316 369 
1 2 4 5 8 22 53 99 139 142 173 185 194 216 260 284 299 407 
3 10 33 45 50 54 75 89 95 111 161 167 194 256 274 275 302 336 394 397 939 
6 7 8 25 68 110 112 117 129 169 184 194 244 252 326 332 380 424 452 
1 2 12 18 21 30 35 56 73 85 96 172 205 219 232 316 349 350 356 
1 4 10 16 23 30 31 34 45 62 68 77 112 161 172 205 290 320 336 378 
2 4 8 28 62 74 103 130 138 146 155 184 191 200 231 272 274 358 424 438 
1 2 13 22 23 36 52 63 67 83 86 148 179 197 207 209 244 374 403 869 
1 27 28 64 68 90 96 107 117 132 149 159 191 288 355 356 363 387 440 
3 4 5 12 16 22 27 93 100 129 189 205 242 250 258 302 368 380 396 433 617 844 
1 3 8 29 31 35 44 48 78 83 127 138 146 205 246 252 306 329 373 396 
1 2 4 17 30 50 51 52 64 69 149 178 184 187 250 276 296 376 380 395 
1 2 5 8 12 16 22 25 30 44 99 117 185 189 191 219 231 275 341 363 838 854 
1 3 8 9 22 27 36 66 87 89 91 92 101 174 209 225 289 298 349 
1 10 11 18 29 57 67 74 75 79 80 128 137 172 256 303 394 407 446 
5 16 21 22 27 31 41 55 72 73 78 110 185 231 265 270 329 348 357 448 
1 3 12 31 34 56 69 71 81 108 115 120 142 145 248 260 326 391 400 415 
1 6 16 38 53 71 94 97 120 129 188 193 195 196 227 269 276 282 318 356 
12 20 21 22 36 61 64 89 111 133 162 169 255 289 301 356 395 420 435 444 567 
1 2 12 19 48 53 72 101 129 134 178 195 199 227 237 270 288 354 358 421 668 769 898 
23 27 58 80 96 117 145 196 223 252 268 294 308 324 354 356 386 396 427 
1 2 12 30 39 40 45 132 140 145 205 234 246 334 356 357 390 419 430 445 549 
1 2 8 13 18 31 34 43 51 56 60 131 168 260 299 302 306 342 378 397 672 821 1005 
1 6 29 50 71 77 121 132 135 152 183 186 187 201 207 223 290 398 831 852 
2 6 15 37 72 78 79 124 143 146 148 178 206 215 222 260 293 375 394 451 983 
7 18 22 45 64 75 170 180 183 194 219 231 239 247 290 325 349 369 
1 4 5 8 18 35 36 47 64 71 85 149 172 173 224 241 273 295 316 406 919 922 
1 11 23 30 31 33 42 61 74 159 198 201 210 227 270 287 297 322 352 645 844 
1 19 29 35 38 40 66 86 89 136 140 151 168 216 253 267 334 343 418 
1 3 8 14 15 16 18 26 28 37 56 57 96 147 149 337 396 
2 10 11 12 14 16 19 36 62 65 127 132 221 243 251 300 360 379 401 462 534 
1 6 11 24 47 51 97 110 125 164 192 207 230 242 246 280 357 385 403 829 
1 5 6 12 31 60 103 121 165 173 211 234 296 309 317 358 370 381 438 
1 2 5 21 30 36 41 42 45 53 114 180 219 236 258 358 393 442 452 676 919 
1 27 47 71 83 86 101 114 132 145 168 178 298 370 396 406 420 431 446 897 924 
1 3 4 5 7 19 22 29 34 114 142 161 180 215 238 243 267 332 343 632 971 
1 3 5 6 11 13 16 57 66 71 82 114 116 144 149 178 201 224 250 343 
2 3 5 6 10 18 31 39 69 104 106 226 256 261 269 278 282 293 305 393 723 
1 3 33 100 147 155 202 212 274 282 295 298 304 307 367 424 428 665 794 
2 6 13 18 24 28 30 34 36 48 91 107 133 152 155 207 337 381 467 758 
1 3 4 13 16 24 30 47 51 78 79 84 86 131 327 367 395 413 423 748 
1 11 17 28 31 51 55 89 157 182 207 243 273 316 363 391 393 452 472 
1 13 14 15 17 22 26 29 38 51 164 173 186 291 326 361 385 394 409 410 
1 2 3 4 16 17 33 49 52 71 81 86 87 118 193 219 252 317 322 
1 2 10 11 13 18 25 77 89 95 120 143 247 248 321 418 434 441 452 558 630 750 
1 3 6 24 30 58 76 80 92 93 97 252 282 314 317 353 354 356 410 454 
1 2 4 8 13 20 30 35 61 71 90 103 150 263 277 322 423 427 460 461 597 
1 10 13 15 43 56 70 125 126 203 245 256 292 295 305 329 336 368 370 444 
1 4 6 30 83 101 119 151 181 229 258 284 295 309 323 326 332 397 405 
1 4 5 15 17 23 28 45 55 65 93 142 219 261 349 351 374 384 390 467 692 728 
2 3 4 34 36 58 61 108 117 165 169 209 242 254 256 279 307 376 399 451 
4 5 13 14 23 29 66 79 137 141 197 206 252 291 372 410 415 479 
3 18 25 33 51 53 54 57 77 91 175 192 320 360 379 386 387 444 743 
1 5 20 21 23 27 41 45 54 73 85 104 131 151 256 268 332 485 
1 6 8 19 26 28 41 52 57 64 106 142 173 240 247 299 303 436 480 749 
5 7 12 13 14 43 60 115 150 154 212 240 306 309 325 326 393 406 488 791 
18 19 25 36 60 72 74 76 100 115 125 163 171 222 234 310 317 436 477 479 
1 2 4 6 23 24 25 35 58 79 98 136 150 156 159 230 348 399 451 461 
1 3 12 41 50 66 80 118 157 167 169 251 276 384 391 416 474 476 487 488 
1 3 6 9 12 74 153 162 180 200 235 257 259 288 345 353 388 431 472 476 
1 2 8 13 16 17 36 58 96 113 156 166 184 245 254 269 287 330 405 868 
1 14 16 24 33 65 85 154 176 189 196 212 271 310 378 401 411 452 869 
1 4 19 45 70 80 91 97 107 155 165 169 214 222 244 248 372 407 438 463 806 829 851 
1 8 14 15 20 39 94 123 131 175 214 260 269 296 324 333 373 378 393 491 
2 3 5 9 12 15 19 35 64 100 102 104 125 132 133 242 283 284 359 862 
1 2 4 10 16 25 50 57 116 145 184 196 212 248 261 299 322 335 
1 2 5 6 10 12 22 26 54 65 68 73 95 148 156 175 389 431 454 484 
1 10 18 26 28 33 37 40 62 103 109 110 154 178 260 376 379 405 413 422 
14 18 52 53 55 56 105 129 245 279 281 296 325 355 383 437 445 467 469 470 
3 6 14 15 16 21 29 30 123 147 153 168 199 234 315 344 364 454 472 479 
6 9 14 17 37 83 116 118 159 169 188 195 274 309 314 333 404 420 474 492 
2 3 5 30 31 32 34 35 47 55 66 75 115 130 159 268 287 296 393 398 918 
1 3 9 32 71 93 122 126 141 158 182 217 223 265 337 373 421 450 495 
2 4 17 35 42 73 79 90 101 131 137 151 169 269 297 307 318 347 433 452 
2 7 15 27 29 39 40 58 82 145 147 163 168 171 187 227 271 302 404 453 
1 2 5 37 49 50 58 104 132 174 208 226 232 238 304 316 348 626 
2 5 8 23 29 33 45 50 60 64 66 71 101 114 147 163 183 240 317 490 
1 12 17 29 42 61 67 94 101 126 152 268 304 382 387 400 410 446 476 506 
1 11 16 26 30 34 51 52 76 119 179 188 213 235 243 309 338 407 419 505 
1 2 7 12 21 23 47 61 77 78 101 131 143 166 254 389 425 480 647 683 
2 3 14 21 28 41 60 93 110 128 170 172 197 244 305 308 328 414 474 
1 38 40 66 93 97 116 125 188 210 228 263 298 301 305 323 327 441 465 493 772 
2 14 66 74 78 93 111 115 145 159 163 190 193 259 286 337 396 430 489 520 592 
1 2 5 7 12 16 17 40 69 141 171 177 184 267 301 346 366 441 
2 3 12 23 32 87 101 118 125 164 207 216 256 277 284 315 410 465 494 698 773 
1 26 35 80 99 100 102 168 242 243 247 278 312 313 395 400 415 459 466 516 
5 6 10 12 33 45 77 99 104 109 112 116 178 208 212 345 355 394 403 465 469 
3 15 18 41 51 98 99 101 102 181 212 217 222 254 344 365 468 489 502 888 900 908 
1 4 6 7 10 21 36 37 58 59 86 101 155 182 191 202 296 356 433 510 
1 3 5 6 7 8 28 104 138 184 220 276 283 300 413 414 424 469 485 
18 24 36 72 105 126 183 209 222 236 260 300 308 326 398 418 451 469 484 509 
5 6 12 17 21 30 36 44 55 127 143 172 257 258 262 351 385 432 438 
2 5 6 18 25 61 66 80 125 185 195 205 224 227 246 261 262 306 364 
1 12 16 22 26 32 131 161 173 180 187 209 242 267 278 361 401 499 501 515 536 
1 4 6 24 59 68 90 96 103 104 120 203 238 318 359 373 476 482 499 509 
1 3 10 26 27 32 55 61 90 142 158 168 274 308 370 451 477 
1 2 3 7 16 21 30 35 91 119 161 202 210 290 326 350 443 506 525 575 623 
2 4 8 18 19 25 26 27 40 48 59 131 141 221 242 324 484 487 490 514 830 
1 3 6 16 21 41 52 85 131 207 224 231 300 310 356 374 515 
1 11 12 18 34 47 61 79 90 116 148 191 223 244 257 258 279 324 360 434 758 927 
2 26 33 34 39 67 89 96 118 139 157 245 256 257 308 343 346 384 395 523 
1 11 16 19 20 35 36 45 51 85 101 184 189 261 296 379 477 488 529 
6 18 82 83 103 121 147 161 166 281 293 315 354 458 480 498 515 519 523 
2 12 18 26 30 36 42 53 55 73 74 140 190 230 265 342 404 423 427 437 
3 4 6 10 52 58 66 83 121 227 240 257 304 328 363 484 492 520 
1 3 7 8 63 108 109 129 195 228 248 261 282 344 365 383 432 463 478 494 
1 2 3 30 43 47 54 71 84 91 113 128 176 197 213 238 310 395 427 874 
2 6 9 19 22 28 30 54 82 89 114 118 213 223 252 273 311 393 507 538 
2 4 6 7 14 25 56 121 127 133 161 173 217 329 336 357 381 407 413 498 530 781 
4 5 28 33 39 48 55 70 98 148 162 189 217 273 276 328 368 396 462 508 
2 3 5 8 23 30 32 103 109 110 115 180 183 198 371 372 392 401 405 
1 4 7 10 44 88 100 134 147 149 205 367 390 410 423 424 451 689 
1 2 5 6 7 9 129 142 151 182 273 297 314 319 324 354 382 436 462 477 637 940 
1 6 11 18 28 83 124 182 226 301 303 336 346 377 396 403 404 421 501 668 
3 6 11 21 31 54 66 78 114 121 161 180 189 281 441 482 485 510 
1 2 3 6 16 30 32 41 63 104 143 152 169 192 209 245 460 523 
1 30 34 54 82 121 122 147 165 199 269 316 358 379 420 450 471 498 542 621 
2 6 8 16 33 36 37 43 61 85 90 123 133 155 175 323 325 411 534 829 
3 4 14 26 43 53 56 71 86 96 127 160 180 185 225 272 301 356 402 520 637 
2 3 4 12 13 15 24 28 54 75 99 200 228 313 356 419 435 440 480 726 
1 4 11 16 35 57 60 63 74 82 98 106 113 138 179 265 437 456 826 
4 11 20 49 55 75 91 119 123 131 145 188 189 205 254 258 271 335 401 447 785 961 
1 2 3 4 9 10 25 26 99 108 163 200 217 225 228 274 415 514 862 897 
2 8 12 15 27 32 52 58 66 75 140 160 220 272 275 353 360 456 466 505 694 
1 8 14 29 41 45 75 95 106 142 148 189 218 241 360 398 399 404 500 
1 2 18 30 31 62 125 165 166 177 180 246 276 291 313 328 358 403 
6 17 22 30 34 48 50 52 59 88 108 125 134 135 155 209 398 408 715 
1 2 5 13 16 17 18 37 47 84 110 115 210 240 261 372 383 465 478 
2 5 6 15 36 47 92 101 108 191 197 239 307 328 386 467 484 500 527 1002 
4 25 29 45 61 68 72 74 85 155 163 250 261 301 316 366 503 534 541 809 925 
4 6 12 16 17 23 93 97 102 121 207 210 302 329 369 435 472 474 504 516 545 589 676 
1 5 6 20 43 55 56 71 80 83 126 137 139 150 244 327 347 419 781 1012 
2 9 12 21 43 68 93 119 162 166 193 252 296 323 350 458 481 522 557 1002 
1 6 30 36 47 56 57 66 68 85 112 195 236 257 284 369 381 486 503 514 535 823 
9 11 21 29 47 53 55 92 123 137 149 157 194 205 208 358 371 449 497 
1 6 7 15 16 22 26 31 56 59 91 99 165 169 171 199 317 420 448 529 
1 21 24 25 30 31 55 107 123 126 137 159 180 211 247 271 325 405 494 534 738 
1 3 8 20 33 52 54 83 89 104 105 110 129 150 161 198 213 445 467 527 
1 4 7 13 22 29 55 103 132 162 163 211 219 350 355 378 422 454 459 466 
1 16 20 43 55 58 68 148 149 169 198 219 241 318 328 431 441 448 500 
1 15 17 36 39 43 56 120 125 138 139 238 287 311 403 415 523 560 693 800 
1 21 45 50 64 80 101 113 118 137 165 171 212 229 274 283 303 415 
1 8 11 39 81 89 102 144 203 204 223 265 275 283 355 374 419 509 510 537 
1 8 10 12 19 22 23 31 33 59 125 245 254 303 308 437 446 477 530 557 859 965 
1 5 7 13 26 35 43 61 99 101 183 194 258 300 330 354 365 470 543 577 
2 3 5 8 13 22 49 52 71 94 120 205 280 309 358 395 494 544 550 555 602 
11 17 24 25 52 56 58 70 75 94 101 191 259 301 418 439 473 506 508 553 775 886 1011 
4 10 15 18 27 33 70 104 127 167 198 224 230 246 275 421 481 487 494 560 
5 6 14 33 47 50 60 65 125 171 205 248 274 293 301 312 467 556 717 933 1019 
1 2 5 30 34 45 66 112 149 183 191 230 293 346 355 357 454 515 900 
2 6 17 42 55 77 104 132 144 210 250 265 340 356 359 364 429 466 475 687 926 
1 2 14 22 26 30 52 79 125 173 205 411 434 437 442 449 529 729 
1 4 5 21 22 61 81 107 109 128 137 168 190 229 252 313 334 363 398 726 
4 12 35 46 53 92 97 98 101 117 132 195 230 231 269 276 288 318 379 555 848 
1 4 9 19 32 36 48 61 64 73 136 147 188 189 202 205 280 469 507 547 
1 2 6 13 28 34 48 57 61 70 76 183 251 255 257 264 427 479 552 853 
1 2 6 18 28 35 45 52 111 133 142 210 306 325 474 523 550 581 
1 4 18 65 152 162 173 295 310 387 392 412 477 512 523 526 550 562 564 775 824 
7 25 37 55 60 97 108 114 130 190 205 207 215 263 322 325 358 405 436 529 
3 4 13 15 37 41 55 79 91 92 119 183 214 272 309 334 337 460 568 577 
3 23 75 102 127 190 203 253 272 277 297 301 329 334 365 404 443 478 541 559 838 974 
1 5 8 15 16 69 110 127 187 201 204 214 286 299 337 349 358 370 558 
18 30 31 95 97 101 112 122 123 127 169 201 202 254 269 359 462 542 552 592 
54 56 57 63 66 115 136 149 208 213 218 290 334 396 435 491 505 509 529 585 845 904 
4 12 18 30 110 121 162 244 291 297 317 325 360 368 389 444 463 548 565 
1 13 21 32 47 53 66 89 91 93 99 171 192 202 235 284 359 552 586 
1 11 13 19 20 73 74 76 104 105 115 123 146 201 383 392 418 453 492 537 869 
2 11 18 58 66 80 89 188 234 242 267 276 329 344 358 367 371 379 386 543 694 
1 3 10 25 52 102 118 122 123 164 241 247 282 316 323 324 388 410 418 570 697 
2 7 13 15 16 47 54 99 106 124 136 245 269 270 460 489 597 716 729 
2 3 13 22 30 44 50 126 172 195 237 238 319 373 410 413 478 524 528 581 950 
8 23 30 86 89 103 157 167 172 200 227 260 309 331 352 392 393 394 512 538 575 993 
9 26 59 83 86 115 134 161 214 295 332 356 370 371 409 430 435 451 467 565 
3 13 36 49 50 51 52 113 127 147 193 198 200 211 268 304 393 403 458 502 787 889 
3 16 18 21 22 25 30 85 116 157 219 229 254 264 299 326 346 377 457 511 731 902 
1 2 6 11 27 34 64 90 211 253 259 296 339 402 408 418 439 446 511 595 
26 30 31 41 80 84 134 143 270 312 317 353 356 381 383 457 486 534 607 
5 8 30 38 78 80 85 94 120 123 202 204 233 301 312 335 426 513 582 
9 11 12 27 31 33 59 152 168 203 284 297 321 366 387 415 447 491 585 
7 9 29 32 36 55 72 118 140 188 200 226 260 306 406 465 491 525 530 589 
1 8 12 14 15 18 22 65 146 153 242 243 246 276 283 313 320 332 412 596 
2 7 38 47 55 56 96 101 102 173 179 232 396 433 462 514 580 943 
1 4 5 7 12 20 27 35 41 52 77 111 240 251 283 344 372 401 496 648 
1 26 38 57 64 82 144 147 167 216 223 255 262 364 399 439 457 483 575 1012 
1 5 15 28 31 47 48 60 155 190 206 226 230 310 321 336 368 381 470 598 840 
2 10 16 17 30 91 105 126 206 261 275 299 313 316 343 381 441 525 528 605 
3 12 21 22 80 88 92 117 120 121 192 283 297 299 477 488 514 533 548 
1 2 5 20 21 73 113 136 143 181 213 227 245 306 333 465 494 590 773 
13 24 31 34 49 59 67 89 97 149 195 238 248 271 274 318 345 356 472 577 885 
1 12 13 24 40 66 91 143 159 169 178 189 205 228 282 288 326 343 404 943 
7 18 31 54 55 65 72 74 76 115 117 350 380 451 543 563 580 587 617 978 
1 2 3 6 8 17 24 25 73 77 142 197 296 300 318 344 350 454 479 515 
1 8 14 17 25 35 49 53 108 131 156 266 284 331 432 456 527 559 577 614 638 
1 3 31 33 53 61 90 94 124 205 227 322 326 366 373 516 532 539 595 941 
1 7 9 19 25 36 37 103 113 165 211 215 246 259 284 287 531 556 571 586 616 867 893 
5 32 48 54 66 122 142 247 279 286 318 369 386 395 417 430 479 579 588 933 
5 10 12 13 15 40 41 72 85 106 111 120 122 133 209 226 290 348 462 467 
5 25 26 31 32 36 58 66 76 109 130 143 149 213 327 331 332 471 535 616 677 848 887 958 
8 9 56 109 120 142 171 176 232 282 284 343 348 356 401 419 551 599 610 
1 11 55 73 112 126 129 137 147 169 239 254 358 361 371 592 603 616 925 
2 11 17 26 101 170 190 191 251 276 282 291 334 421 426 454 455 481 600 
1 15 36 49 87 110 115 203 223 226 321 354 378 391 473 513 546 613 
3 7 10 27 32 52 173 216 239 243 263 325 385 398 433 479 502 508 534 546 705 
5 9 14 19 32 46 56 69 78 123 129 157 166 232 309 346 415 433 617 775 831 974 1017 
1 5 11 17 22 52 54 69 79 80 132 142 161 242 356 420 433 475 536 577 
1 2 6 17 19 22 27 61 64 104 142 148 193 211 304 348 407 503 519 697 
4 6 8 18 34 67 85 188 206 349 351 381 403 453 471 499 553 578 624 1018 
2 4 5 13 32 77 90 102 121 138 151 176 199 227 326 342 419 428 432 525 
2 3 8 11 18 22 28 51 153 155 223 260 265 372 384 417 425 456 521 787 
45 46 92 145 161 164 172 203 214 246 264 282 317 331 391 395 443 498 570 
1 3 5 14 16 33 43 64 100 104 118 137 138 174 299 327 359 432 567 573 955 
1 16 21 36 67 68 102 172 180 187 261 306 322 346 417 439 545 566 614 629 693 
1 7 12 18 27 30 47 90 114 119 129 131 152 196 405 410 494 524 616 980 
1 3 14 37 43 47 49 67 89 97 141 148 171 255 310 327 400 435 856 946 
10 14 18 30 47 74 124 152 165 236 246 292 309 394 443 474 488 571 574 614 1009 
3 4 6 7 99 102 104 105 145 164 205 218 256 296 297 368 451 559 596 648 
8 9 12 17 24 29 61 82 99 118 132 166 201 255 371 374 423 527 624 872 
1 5 27 29 36 43 50 53 61 131 157 160 163 171 332 512 570 573 576 603 
4 5 6 8 32 92 114 139 203 218 245 278 325 362 414 419 427 453 494 535 778 984 
15 30 65 152 157 169 194 195 227 233 291 332 358 402 410 450 457 557 587 614 718 934 
1 10 12 13 23 27 30 42 58 84 144 161 189 209 211 274 342 379 487 498 
1 4 14 22 34 82 100 101 111 112 121 130 222 270 332 405 464 560 573 633 
6 9 11 51 61 72 84 85 89 163 242 275 291 305 423 437 467 474 548 613 1014 
1 2 5 12 13 55 69 71 82 141 181 220 271 298 327 435 501 559 603 659 935 985 
1 56 57 106 110 114 122 173 181 194 196 238 275 322 351 418 446 584 630 641 
1 3 20 21 44 50 54 81 98 110 154 161 306 314 347 360 379 384 477 525 
3 5 10 20 23 33 91 138 157 234 283 285 288 325 371 396 527 539 619 
11 16 34 46 50 77 89 132 138 159 162 187 219 274 330 348 412 469 538 654 
2 5 8 20 30 32 85 108 117 155 189 213 255 317 379 405 527 575 591 645 
5 22 26 27 68 77 83 112 134 143 152 156 176 194 280 312 343 433 627 652 822 1023 
34 51 111 172 204 209 213 230 273 275 315 347 407 415 439 541 557 578 587 599 
2 14 115 128 157 176 178 181 188 247 249 261 289 319 330 392 460 551 844 997 
1 7 22 45 47 67 99 115 121 137 152 195 206 263 383 405 519 540 562 619 975 
12 44 54 58 61 64 97 119 126 141 159 188 198 218 240 424 452 521 619 624 955 
3 36 47 91 135 150 175 176 237 252 258 269 290 418 432 447 528 582 611 664 
1 6 7 16 19 33 82 133 171 194 237 283 350 429 432 461 500 504 567 580 
1 4 6 30 42 55 154 197 218 254 256 300 419 451 484 491 534 562 564 624 
1 3 27 90 115 124 161 163 192 231 289 306 368 369 403 430 445 479 527 577 650 944 
2 8 12 32 35 44 49 142 155 189 238 256 275 402 464 491 628 644 664 708 763 981 
1 5 13 16 33 36 38 66 74 107 112 115 308 328 344 356 358 377 499 561 
2 9 14 24 80 94 99 110 177 187 244 255 309 430 516 558 576 577 633 820 
1 6 17 22 41 105 149 202 252 265 294 331 382 432 445 532 605 672 929 
8 33 35 65 84 113 140 146 164 173 203 246 367 427 451 458 489 508 564 644 
2 8 18 25 73 118 127 178 190 209 219 288 359 399 404 420 424 523 543 550 844 
1 6 8 36 54 66 163 165 216 269 287 340 373 383 410 455 485 543 551 561 660 
6 23 25 28 74 78 118 146 200 201 203 211 279 314 367 422 457 614 639 654 
9 10 11 13 20 28 33 45 57 100 107 167 184 237 240 246 311 619 626 634 655 
1 2 4 15 16 31 41 48 58 167 189 362 388 529 601 629 666 667 
10 13 18 51 72 89 156 174 212 231 270 317 364 369 375 400 505 628 680 961 
1 16 29 58 64 90 91 100 107 169 182 201 218 224 227 252 264 343 486 568 645 
2 4 8 18 45 52 53 56 101 191 192 247 300 338 371 418 433 527 697 971 
11 13 32 38 80 106 108 122 158 208 351 355 378 387 399 506 548 598 659 670 
1 3 5 15 23 35 36 77 87 102 150 194 251 325 339 377 395 479 578 
1 2 5 9 23 25 30 33 36 41 68 82 212 282 340 432 565 646 967 1007 
1 8 14 30 34 35 41 42 56 58 189 258 268 319 323 452 493 584 588 940 
1 2 4 5 16 30 50 88 96 131 177 219 221 261 285 577 618 623 1022 
2 4 12 33 34 67 78 87 89 122 138 174 186 212 286 299 348 350 488 669 
2 5 12 27 39 41 51 52 54 57 59 62 68 166 230 263 433 448 480 600 724 
1 16 32 36 56 79 87 98 100 308 369 373 380 434 438 485 599 656 681 
1 10 17 33 37 54 93 101 126 149 153 167 277 341 347 452 459 506 560 847 
6 7 8 14 22 23 30 48 145 161 171 173 263 267 271 292 413 434 482 1015 
2 27 30 36 46 50 68 76 94 104 125 140 144 184 217 255 393 545 560 672 
1 7 11 34 54 106 123 155 187 227 252 312 318 319 352 461 498 602 611 649 
3 6 14 23 36 64 71 94 97 120 167 178 302 366 368 434 445 567 573 648 779 821 
2 6 46 58 86 111 135 156 157 171 334 356 412 453 481 559 661 668 671 689 
6 16 36 85 91 99 100 105 135 147 189 215 230 247 283 399 417 513 514 589 777 
3 16 21 31 41 49 64 68 77 94 101 106 179 285 297 375 389 445 516 552 576 
1 17 23 29 32 49 80 87 96 106 118 126 142 248 377 407 470 478 551 562 665 777 839 
37 56 83 116 129 136 155 179 181 213 224 238 273 335 354 388 465 488 589 678 
1 8 21 26 29 51 74 121 139 143 168 240 248 285 295 312 411 433 465 676 995 
1 5 16 22 55 61 70 117 160 335 385 399 400 407 439 456 569 586 644 690 
4 6 19 30 34 79 101 128 134 178 189 372 377 473 475 522 539 616 630 679 
3 4 5 22 25 48 81 108 156 217 241 246 260 349 350 381 516 523 584 656 
1 2 4 11 26 32 72 122 167 215 218 238 309 379 441 472 520 583 695 875 915 946 1018 
24 26 37 61 74 107 143 168 190 192 208 268 348 412 481 520 579 615 653 707 750 
1 4 12 22 27 37 41 53 108 111 117 159 169 171 209 366 563 
8 21 27 115 170 182 192 206 222 307 312 327 345 416 490 491 541 593 609 695 912 
1 26 29 50 80 101 127 130 146 167 217 249 454 464 548 598 
3 20 25 47 141 155 211 224 226 238 256 312 322 466 506 531 577 676 
1 4 8 12 27 29 30 33 34 51 199 215 245 291 426 550 634 646 657 697 
5 13 24 25 113 153 166 199 226 229 315 458 497 520 569 593 620 621 654 670 
4 11 30 42 110 131 144 169 203 217 218 228 249 259 322 347 377 452 465 695 730 
1 7 21 22 27 36 89 122 151 175 190 208 250 273 282 387 456 538 573 714 872 986 
2 6 16 26 65 69 80 83 128 134 217 218 254 261 293 396 454 504 595 614 954 
1 3 13 16 17 25 29 41 71 98 162 175 222 228 253 284 356 391 445 488 
4 12 34 58 80 104 110 121 137 141 155 218 302 317 368 453 528 592 616 672 939 
1 13 14 21 40 42 45 53 91 131 132 210 233 237 282 394 433 494 498 
3 6 27 51 58 82 102 125 137 144 203 226 248 306 400 422 507 509 579 649 733 
1 9 16 71 72 80 116 148 192 225 307 331 415 418 485 503 555 598 639 647 
6 7 14 28 62 67 123 219 288 301 396 418 446 532 583 591 617 688 905 
2 6 8 9 20 28 42 79 103 121 182 230 238 310 317 524 528 609 632 
2 8 12 16 18 20 61 112 168 311 326 375 389 439 453 488 515 530 684 868 
1 2 27 53 65 77 79 139 162 190 237 269 271 279 307 504 577 650 671 
29 33 41 61 69 117 171 181 192 216 241 258 340 346 359 382 411 473 632 696 719 
1 10 14 63 139 143 161 174 207 213 247 276 430 451 525 531 610 636 673 704 
1 16 25 30 32 37 84 95 108 119 243 249 270 295 310 318 356 427 680 702 891 950 
3 15 122 142 213 217 224 268 270 310 329 437 458 496 503 508 572 608 625 671 837 935 
1 21 26 37 56 118 144 174 177 182 192 221 288 343 430 520 686 693 700 
1 59 117 144 151 191 228 265 305 329 357 514 524 526 568 626 708 713 716 727 889 
1 2 72 96 97 116 140 154 174 232 242 291 350 454 516 520 572 675 704 793 925 962 
2 3 8 27 59 108 115 119 150 168 208 230 264 340 383 446 538 598 636 678 695 1002 
30 34 53 61 103 104 108 127 187 221 276 308 359 433 473 562 604 634 656 
1 4 11 22 24 84 90 118 208 215 218 279 319 412 506 548 695 698 715 
1 2 6 26 40 107 134 161 316 322 326 441 495 520 526 527 550 706 849 
1 2 3 12 21 44 46 57 66 162 308 348 349 385 399 459 478 642 698 734 
2 3 5 13 54 62 130 211 285 289 292 343 394 399 541 550 565 577 640 668 730 861 
1 43 171 204 269 296 302 309 336 340 341 350 354 356 359 559 587 593 664 938 
2 7 14 34 67 75 82 86 111 117 164 222 325 345 404 534 541 587 592 611 999 
3 31 36 81 99 144 149 277 405 415 482 495 507 559 575 610 615 667 720 779 
5 8 12 16 28 30 44 71 77 91 173 196 287 302 376 386 469 577 652 686 
4 10 53 56 57 84 110 168 173 176 189 203 223 377 532 549 555 615 714 721 871 931 
2 5 7 8 15 58 74 75 98 117 149 197 239 449 534 554 591 611 635 649 766 1021 
2 3 5 8 46 54 57 58 98 106 127 143 163 171 221 238 321 478 595 666 
1 11 12 27 56 78 80 125 126 137 142 159 193 441 525 550 566 603 672 745 
4 6 24 28 35 46 55 151 172 246 307 308 358 403 408 426 429 627 655 683 961 980 
8 16 28 31 41 100 164 194 221 242 291 316 319 329 528 531 534 607 622 706 
1 61 66 82 128 140 247 283 330 344 472 515 547 581 590 619 715 733 784 1016 
5 16 36 41 51 66 92 105 117 138 157 229 263 343 373 385 390 604 639 691 897 979 
2 4 6 41 49 103 107 123 194 200 210 228 281 383 405 550 560 574 716 
1 2 4 97 126 158 163 177 191 231 333 346 369 395 426 457 458 472 509 694 
1 2 9 10 14 28 75 103 109 137 144 191 219 405 505 540 587 589 671 
6 13 16 22 49 67 71 94 137 172 199 237 240 278 283 383 491 619 
1 17 40 48 75 98 151 152 199 261 330 341 416 445 469 572 619 625 725 732 738 
3 6 13 22 26 37 57 113 143 164 231 246 272 337 409 452 698 705 997 
6 16 18 31 86 90 144 146 156 160 163 194 206 230 284 301 327 358 376 708 880 1017 
1 8 21 26 30 41 45 62 150 165 213 226 298 330 443 444 549 591 658 659 684 983 1001 
1 6 13 24 35 53 90 135 173 293 295 322 346 371 381 426 507 587 644 746 778 
5 8 18 20 26 80 117 144 170 187 191 197 292 482 545 555 657 692 707 1004 
1 5 12 19 45 97 101 110 133 156 202 543 562 578 608 666 738 760 
11 16 21 32 41 42 85 103 114 134 166 179 208 231 356 382 514 583 660 684 
1 3 14 26 93 122 170 173 176 398 413 455 480 612 652 707 709 
2 11 23 106 159 189 218 228 230 238 371 387 408 430 466 529 555 680 734 760 
5 6 27 41 62 72 100 140 142 146 170 182 278 376 459 486 519 565 592 950 
15 44 50 63 93 247 249 296 302 345 380 401 446 450 480 533 561 590 702 737 
1 3 10 11 74 109 121 127 156 177 220 253 268 315 332 359 595 604 613 750 921 927 980 
1 3 17 19 31 34 54 63 74 87 132 143 162 242 595 645 648 722 729 758 887 
1 6 27 55 64 86 94 127 128 189 197 246 255 329 340 482 495 509 852 
1 5 6 54 97 159 161 240 299 310 328 418 420 431 511 522 764 852 
5 12 27 30 51 66 74 114 159 183 211 220 235 281 328 341 421 483 491 661 694 
10 21 24 65 94 97 98 105 205 206 240 324 341 396 407 451 503 715 730 
1 16 18 19 34 38 40 44 52 59 74 182 288 571 678 744 765 767 994 
6 16 17 26 41 43 57 91 181 188 246 348 461 462 488 644 651 664 762 
11 16 43 57 59 77 79 90 113 151 216 231 373 400 423 669 675 734 744 774 
1 2 6 8 9 17 59 62 83 154 230 251 258 289 365 533 587 684 722 736 
4 6 11 27 53 54 69 75 101 111 136 164 268 366 395 562 577 632 740 743 790 983 1004 1020 
3 13 35 71 166 269 274 276 278 312 326 354 373 398 400 448 473 610 637 776 
1 3 5 37 67 113 123 129 194 206 255 330 366 372 373 469 561 627 719 
1 12 22 44 53 56 80 136 168 231 232 368 380 430 433 454 649 760 
1 3 16 21 36 50 73 82 94 104 136 142 146 298 353 389 484 579 647 670 751 988 
6 59 90 91 108 166 223 244 248 258 318 366 396 484 513 555 577 710 781 917 976 
8 12 16 27 37 54 77 105 109 158 207 242 337 355 432 484 555 568 786 
1 5 93 99 129 136 164 166 241 265 341 363 374 423 470 514 680 762 
2 5 17 21 51 63 96 122 172 223 253 259 289 292 316 506 530 604 770 
1 6 10 28 34 57 61 70 91 102 119 122 123 125 209 369 515 605 661 694 950 
8 87 93 96 171 214 341 367 371 384 393 514 554 634 652 654 656 687 747 
11 24 43 80 118 133 148 151 173 178 236 280 359 391 411 432 444 649 651 
1 8 11 49 85 157 161 312 329 369 438 515 522 561 643 659 691 700 892 951 
26 38 39 54 68 99 106 116 151 205 248 287 361 635 682 695 707 724 767 770 
1 7 12 16 19 20 22 26 102 120 163 261 262 280 381 406 415 523 624 781 
1 2 3 8 11 16 49 77 143 157 180 242 254 267 355 484 511 614 732 
1 3 5 31 32 166 210 266 312 369 414 416 600 630 638 721 766 774 785 
3 4 11 13 20 36 39 114 119 189 195 237 269 308 332 451 514 559 708 
1 17 19 28 30 41 52 59 105 127 144 147 260 343 400 491 532 609 625 666 760 846 
5 7 31 36 38 71 72 77 294 382 403 448 536 545 606 631 636 691 708 766 854 897 
1 12 24 25 39 51 79 87 88 126 170 243 288 300 309 396 423 600 637 774 914 
3 4 14 34 49 116 117 145 148 162 167 168 205 246 284 343 445 513 670 719 
5 12 18 19 23 41 55 62 74 80 123 139 161 329 334 366 403 649 687 796 
1 7 43 58 73 93 107 147 163 178 210 226 421 455 470 520 566 634 671 788 790 911 
6 12 14 18 21 26 28 37 49 59 70 79 131 147 189 222 349 458 639 704 895 
1 20 35 110 128 155 167 197 201 206 216 340 346 431 460 476 478 564 632 721 
1 5 9 12 16 17 84 113 125 231 310 407 428 514 524 542 593 684 749 782 
2 31 53 57 114 134 175 180 246 348 361 364 456 595 645 657 683 722 728 762 764 
8 23 24 50 60 161 169 269 282 295 312 327 365 414 516 518 587 779 898 
1 4 10 131 136 169 189 221 231 239 266 409 561 575 628 643 707 724 755 769 
2 11 32 41 42 49 70 104 112 135 142 158 177 209 210 400 475 650 758 883 
1 2 13 24 28 42 44 47 48 89 121 198 416 428 484 496 549 553 570 678 1001 
3 6 17 23 26 33 34 39 77 168 209 266 307 325 365 502 546 595 781 788 
2 4 35 39 41 42 44 51 76 77 84 183 275 341 360 398 440 446 567 695 860 
1 2 20 27 87 104 123 153 322 324 331 338 348 456 461 600 682 715 
3 4 10 30 44 94 124 168 170 254 264 265 330 433 435 607 632 642 710 791 939 
1 4 7 25 28 78 151 163 201 206 236 247 267 328 369 398 445 659 682 711 
1 9 19 36 45 47 61 71 73 118 177 198 261 284 366 419 478 537 629 746 977 1001 
1 4 6 7 27 38 51 54 222 223 224 384 392 419 573 619 624 804 
1 2 10 27 47 110 130 201 326 350 472 497 567 570 630 635 641 717 737 741 
2 15 35 48 74 89 99 131 146 191 272 328 341 445 467 470 534 551 727 813 851 
1 4 8 11 16 53 68 118 130 163 173 253 309 351 397 413 508 553 564 
5 20 22 46 59 75 77 94 105 151 172 246 257 310 342 378 436 467 471 693 
7 9 21 24 43 47 66 93 146 179 226 341 347 356 358 405 602 622 775 780 825 939 1018 
1 2 4 38 67 69 100 162 236 244 258 301 400 470 496 567 620 663 717 795 
13 21 49 110 235 247 251 268 386 393 396 558 575 593 636 648 668 726 731 783 895 
3 5 13 16 21 37 56 70 101 103 156 255 300 310 427 516 529 536 774 792 
1 17 45 151 153 177 185 193 198 261 274 393 423 461 471 488 520 550 680 786 822 962 
2 11 14 19 36 75 94 99 142 218 289 328 357 367 415 432 563 584 679 983 992 
6 8 58 96 132 142 159 226 232 324 330 354 378 381 453 497 503 506 511 684 
2 11 60 87 95 106 161 177 317 382 430 542 575 621 658 671 780 819 820 822 1008 
3 7 61 71 90 112 138 143 147 176 215 216 232 340 382 390 456 531 617 645 816 1005 
1 22 43 56 62 78 92 96 99 140 142 172 201 208 396 537 661 667 771 778 
1 6 8 46 56 66 97 98 105 143 178 190 296 305 581 587 670 754 790 
1 3 4 13 18 30 37 67 72 93 147 208 259 333 377 559 643 698 826 
3 5 18 24 32 61 99 157 218 227 260 261 274 309 315 316 344 391 577 823 882 
1 5 35 51 85 98 178 190 204 206 233 252 299 316 330 446 600 611 644 700 957 
3 16 44 79 91 143 164 173 320 323 395 418 436 496 601 661 798 806 817 827 829 
2 4 6 37 47 63 78 79 80 164 175 189 264 270 417 436 748 777 794 817 852 
3 16 43 53 66 75 79 144 151 161 174 180 197 319 347 379 451 508 552 646 
1 2 10 14 16 30 41 55 64 184 218 236 239 261 376 407 505 598 664 690 1007 
1 6 40 48 61 89 103 210 242 342 356 396 404 415 485 487 562 594 646 
1 2 3 4 8 12 15 25 85 138 173 188 199 229 462 525 554 692 746 787 
1 5 9 23 26 34 50 110 122 251 439 472 478 610 672 686 708 733 774 
1 17 36 116 173 196 243 246 302 354 430 484 494 570 625 628 673 686 731 772 978 
1 8 15 18 26 35 50 57 169 202 252 318 336 403 409 520 547 556 759 835 916 
1 4 9 33 49 146 229 236 282 300 333 363 460 559 580 592 614 653 707 719 
13 19 20 28 35 73 82 90 116 120 154 173 176 232 243 657 705 744 799 843 
3 12 21 24 84 128 129 296 301 322 328 332 336 393 406 467 566 578 642 973 
2 12 24 34 45 68 71 94 179 209 288 310 349 354 388 437 592 671 778 
1 18 19 47 99 103 141 158 160 242 351 401 488 545 586 622 627 753 818 1020 
1 3 26 35 38 73 97 147 162 196 280 281 393 408 429 434 448 511 521 596 984 
2 6 17 27 39 44 50 51 59 127 171 195 200 223 312 394 415 583 654 991 
1 3 10 15 31 55 87 94 173 183 196 200 263 312 371 421 543 682 844 
1 2 8 11 14 17 71 80 83 148 200 206 235 270 399 559 590 747 1021 
1 8 21 33 50 78 154 218 257 258 409 493 500 515 622 676 715 737 851 940 
9 14 26 36 49 53 61 85 103 119 137 146 152 292 380 421 553 606 652 765 
2 3 6 19 27 61 110 161 163 231 306 331 379 394 436 454 484 677 735 739 786 950 984 
1 10 54 84 95 99 121 138 205 292 407 439 449 550 642 667 682 793 832 
1 4 6 18 32 46 75 83 89 145 156 196 234 242 257 379 413 468 530 926 
2 7 8 11 28 57 117 138 235 238 242 278 283 430 435 440 456 478 555 690 942 984 
2 5 16 30 37 40 45 155 191 237 245 393 395 423 522 720 739 845 
1 2 4 34 66 69 147 168 205 227 240 258 349 496 510 520 594 673 678 828 1001 
1 3 4 18 30 45 62 71 112 142 151 160 270 335 473 642 805 820 824 833 986 1024 
1 7 12 84 112 202 218 221 251 275 280 314 345 540 594 613 640 681 828 
1 13 16 20 34 51 92 108 130 147 167 207 248 348 352 453 463 482 538 603 
1 3 34 44 46 48 68 82 104 115 127 172 181 203 216 244 348 567 569 
7 8 25 66 89 99 145 197 216 255 293 381 398 415 450 472 563 600 644 965 
8 45 53 71 89 90 105 111 203 265 304 339 506 566 598 736 743 745 792 829 
1 2 4 8 31 35 73 85 117 125 142 185 191 591 822 1010 
3 14 24 26 62 65 67 81 101 157 168 200 325 349 370 466 468 538 740 834 1020 
1 3 6 16 25 57 65 89 102 129 192 208 216 236 294 368 400 406 753 781 
1 2 3 6 9 86 87 148 237 238 322 384 413 529 569 596 630 641 765 
3 6 22 31 32 41 66 118 182 189 215 386 415 442 472 513 701 703 763 834 990 
2 11 12 14 42 46 65 72 85 155 184 189 221 304 314 403 521 575 590 756 
1 3 7 16 25 36 83 102 120 175 202 205 308 434 441 546 641 690 842 848 1013 
8 27 55 56 57 79 101 109 171 234 247 285 383 419 446 458 562 572 737 1018 
3 28 42 49 59 72 123 124 130 136 157 177 229 276 295 544 614 734 768 812 
2 5 10 12 29 31 52 93 96 181 191 245 251 254 288 337 560 765 796 830 834 
1 6 22 35 56 161 166 179 207 307 331 477 523 529 549 659 665 779 793 
1 6 16 17 21 75 77 114 120 121 134 138 193 272 400 436 464 497 525 664 739 918 1024 
4 7 16 47 51 52 57 106 151 175 201 284 342 421 475 490 510 557 592 798 
1 5 14 15 19 24 67 122 208 277 281 284 312 417 446 497 607 646 706 939 
3 6 22 28 47 66 111 142 216 220 270 285 325 439 529 658 679 743 792 815 1008 1012 
2 3 5 34 35 38 75 83 152 179 194 258 291 309 321 486 586 743 770 817 
2 10 21 22 67 73 98 134 161 192 260 278 285 320 426 466 549 575 712 723 748 
5 31 71 80 129 174 180 221 247 251 288 360 477 492 539 540 612 633 754 764 945 
1 23 56 65 98 161 274 293 296 337 374 376 577 654 659 662 699 710 839 873 
1 3 18 47 51 53 83 104 143 152 157 211 237 245 306 354 540 718 758 
3 65 70 85 103 120 156 174 213 273 419 464 491 568 588 619 734 777 812 878 
2 15 36 52 53 56 61 120 148 208 248 291 367 380 438 497 540 620 866 
2 6 9 24 47 70 78 105 136 149 193 277 401 435 508 647 735 780 888 972 1018 
3 11 12 36 50 78 82 84 93 97 107 197 242 271 276 532 538 712 726 755 838 
11 28 110 194 245 258 309 340 357 450 484 575 585 654 731 789 804 858 867 869 
2 14 21 30 35 106 144 173 182 196 237 296 399 460 484 510 555 636 679 864 
3 4 5 39 51 53 63 111 137 159 237 381 428 435 546 571 709 740 785 797 861 
3 5 11 23 25 35 89 115 117 120 125 155 279 325 399 436 442 460 519 724 
8 22 55 94 118 183 206 208 230 241 265 281 467 523 548 573 587 705 735 764 889 1001 
8 32 33 38 53 55 115 213 217 227 240 271 311 379 484 666 668 825 867 884 905 
4 6 37 73 76 87 99 116 117 171 223 272 303 343 493 503 516 525 624 
4 6 21 87 91 94 100 102 106 149 165 245 330 351 443 451 457 829 835 869 902 938 984 
11 27 37 41 57 86 88 102 119 225 285 307 382 433 509 594 682 684 738 758 774 830 970 
3 6 9 10 22 31 64 71 119 222 238 293 432 445 457 476 489 523 711 737 890 985 
5 6 8 23 111 230 236 245 327 357 389 401 410 423 508 547 565 567 656 705 770 934 
1 6 12 15 123 158 163 169 191 251 418 527 595 637 667 715 729 765 776 793 935 
1 6 7 14 27 38 82 90 91 98 227 284 304 305 533 602 605 669 824 
1 13 15 28 34 61 118 134 144 157 188 313 355 376 384 394 409 562 698 835 892 979 
1 5 27 92 123 126 163 175 178 208 227 229 240 266 343 374 489 742 806 872 
5 11 12 28 30 38 40 55 70 79 91 106 211 250 346 610 638 662 873 
1 11 19 28 60 86 89 180 197 273 279 408 482 499 619 717 735 826 843 
1 2 19 22 29 47 74 142 160 247 263 379 465 583 593 683 742 746 804 885 
1 14 21 22 53 71 72 103 129 137 185 246 293 298 353 422 543 665 768 986 
1 2 4 9 36 56 140 199 200 266 282 320 357 603 631 651 683 696 756 821 871 
1 6 8 11 35 153 167 192 342 384 422 482 484 536 545 546 583 626 752 900 
2 4 27 45 62 79 92 105 157 179 366 406 413 448 468 664 689 718 867 903 961 
3 11 13 56 93 151 181 185 190 201 222 265 294 300 384 564 747 783 875 899 
2 5 90 106 126 163 200 244 315 341 425 457 526 565 639 681 700 827 894 977 979 
1 11 16 38 41 43 77 87 200 237 238 325 350 430 546 575 576 648 758 958 986 
2 10 14 38 61 93 111 113 180 184 252 277 315 354 469 498 598 804 845 912 
1 2 15 16 116 119 123 186 187 191 246 321 341 413 484 529 586 609 728 916 
1 7 28 41 51 62 88 147 159 164 170 186 383 482 616 674 734 738 808 876 1011 
1 8 11 12 116 117 131 143 172 213 231 258 308 394 559 656 773 895 987 
1 7 11 25 50 70 149 202 276 348 351 378 414 454 472 538 673 679 776 836 927 
12 21 22 45 66 133 171 289 379 409 492 496 506 524 534 590 681 791 805 
5 23 55 57 71 103 105 130 131 162 167 210 223 420 696 735 750 793 857 869 
5 9 14 31 39 123 170 189 244 249 274 482 484 519 531 635 641 690 710 828 883 1001 
1 11 21 27 39 179 269 275 350 390 490 499 503 550 564 648 662 743 758 1021 
1 4 8 17 22 52 67 181 189 255 449 467 475 513 584 684 729 763 873 927 
31 42 58 61 77 80 102 120 185 223 230 296 330 338 404 496 725 789 825 836 946 
1 2 10 47 58 83 170 190 224 331 334 344 352 384 398 408 437 483 799 
1 4 6 16 31 38 58 87 119 137 195 273 378 447 525 538 599 735 812 832 890 
12 24 27 30 61 102 113 162 234 318 348 513 558 583 621 667 741 763 765 839 
1 2 30 36 141 161 167 185 203 226 327 429 443 632 656 660 694 700 
94 122 141 155 170 201 265 325 326 392 396 407 425 520 538 617 709 740 874 895 998 
1 16 54 77 94 119 165 171 316 317 328 376 393 403 503 529 571 656 687 739 
4 6 8 30 73 75 114 141 170 298 356 391 418 461 562 802 866 886 910 
6 19 31 33 57 130 149 158 205 394 400 515 530 534 793 886 924 
1 2 3 10 13 16 22 29 41 48 79 142 173 217 310 694 792 824 904 926 
2 5 28 41 47 59 71 79 83 152 173 273 330 338 348 407 423 500 818 874 
1 18 22 25 30 55 59 84 94 156 234 306 406 432 520 564 603 624 762 833 897 
1 3 6 8 35 37 110 130 169 246 311 323 359 480 493 575 686 724 740 761 985 
1 5 13 34 47 56 67 94 146 177 193 212 215 245 305 359 370 438 506 561 
8 47 74 104 138 147 155 193 231 276 282 312 367 461 471 522 636 743 785 848 
36 70 83 137 177 200 201 244 273 327 371 374 426 469 473 484 637 686 719 843 931 
21 66 110 120 147 157 212 223 327 339 340 359 401 448 471 555 628 696 740 890 914 993 1018 
1 29 35 46 82 146 155 200 283 426 457 483 506 536 713 719 765 802 808 
2 8 17 69 84 133 141 148 176 222 277 296 313 328 387 406 476 861 882 929 
1 4 15 21 32 61 62 85 112 123 186 227 327 465 670 829 833 856 863 884 920 922 
6 12 22 64 67 123 178 204 265 310 322 329 339 441 520 539 549 640 710 722 987 999 
1 3 31 34 49 51 102 110 192 205 237 244 251 287 457 619 688 710 789 
18 24 35 71 78 97 105 144 220 233 251 318 327 353 415 496 650 794 847 881 
1 3 6 16 32 61 77 87 94 95 118 140 179 238 341 496 528 753 
6 12 72 78 155 159 264 331 336 337 342 348 406 423 448 452 658 708 761 801 
1 2 59 61 89 100 101 180 187 216 222 299 320 434 569 585 634 707 792 892 947 
1 16 17 24 36 37 109 150 166 171 258 291 366 379 409 442 511 634 647 749 984 
1 2 31 35 43 50 70 85 132 150 204 246 273 348 530 704 783 797 831 929 
14 16 17 70 72 94 153 172 245 250 312 349 445 512 528 535 676 846 908 947 
1 14 21 26 37 38 101 143 210 268 360 404 451 626 733 901 906 907 925 953 1000 
14 20 21 52 54 67 246 307 387 463 513 533 575 605 609 654 674 774 885 
16 38 71 96 122 126 135 166 223 296 363 414 461 508 565 646 757 805 858 878 914 917 951 
5 16 29 104 120 196 261 299 430 478 537 539 565 588 593 605 615 625 763 808 900 916 998 
6 8 22 27 31 36 44 68 107 125 136 189 232 350 434 482 496 621 790 895 
1 3 6 22 51 76 83 89 90 132 163 181 268 271 490 614 620 664 734 932 
1 2 11 15 17 28 30 48 85 147 169 188 201 307 392 400 673 773 858 883 915 1006 
2 17 20 30 61 89 101 146 159 190 215 339 470 539 602 611 680 786 856 903 936 
5 6 15 119 120 165 237 258 315 447 477 523 524 545 584 585 589 763 850 868 
8 11 14 31 43 49 52 95 169 181 276 425 550 561 619 739 828 926 957 958 
2 6 13 14 31 35 73 74 101 123 129 163 202 252 401 410 435 503 517 677 836 
16 22 54 73 86 103 108 147 151 156 204 246 494 561 569 643 652 859 891 991 
1 6 8 59 131 156 201 209 309 388 432 452 468 692 701 712 736 753 767 777 872 887 890 984 
2 6 11 66 68 72 144 428 471 512 545 549 589 594 660 662 706 931 954 
3 12 19 37 56 72 146 161 166 240 241 265 458 597 617 648 719 786 814 831 937 1022 
8 14 48 71 131 171 172 195 227 260 381 415 417 433 442 453 592 644 689 902 
1 12 13 49 57 75 94 105 108 160 204 225 372 406 482 515 588 758 770 787 888 
1 6 9 12 21 30 35 41 46 55 106 169 280 401 488 505 550 728 909 957 
1 5 10 12 20 48 98 110 136 200 243 255 558 603 734 766 868 875 885 897 
5 22 50 71 148 193 229 308 344 419 456 457 481 494 510 654 662 680 687 909 
1 2 10 14 41 61 62 71 92 148 160 212 369 401 632 651 682 712 765 816 906 935 987 
9 18 77 92 101 116 139 229 252 357 362 389 472 512 535 552 607 722 933 956 980 
8 10 22 40 110 186 196 243 268 295 318 384 568 570 638 664 675 712 770 955 
1 51 101 146 161 181 217 226 231 233 244 394 541 602 672 801 828 898 969 
1 6 9 11 16 44 73 120 191 199 240 245 314 386 431 515 633 709 877 1018 
34 55 155 186 187 198 204 219 273 320 480 495 519 529 658 736 746 786 884 921 977 984 
5 25 33 35 49 50 51 85 107 175 271 286 304 409 446 489 547 563 725 769 847 
1 2 4 5 15 21 28 82 106 120 141 263 367 460 493 501 516 645 755 804 899 910 
1 4 6 8 15 56 58 75 111 148 175 250 371 372 483 689 836 896 904 
1 2 3 5 8 32 118 122 126 250 369 372 499 526 679 709 768 777 962 966 
2 24 86 208 247 308 312 348 371 434 445 484 499 548 570 682 752 900 904 966 
28 49 67 78 87 144 181 222 280 371 403 498 506 508 528 536 553 626 784 891 970 997 
1 2 6 8 11 27 85 106 165 190 372 396 435 458 492 510 584 634 682 850 883 
15 16 39 52 79 130 141 171 200 208 234 317 402 451 504 507 606 663 822 835 866 953 
1 5 31 33 37 53 68 159 192 196 232 271 326 337 533 558 646 722 855 896 948 
1 3 12 21 61 77 89 105 179 284 344 397 484 500 569 619 820 828 973 1001 
30 34 42 85 91 137 139 155 280 379 481 593 600 627 670 714 788 857 893 971 1007 
4 12 20 22 86 225 241 317 362 374 384 398 440 583 642 647 785 803 835 919 
1 2 10 30 58 90 100 117 130 187 205 483 531 543 582 596 702 749 816 825 872 
2 4 5 6 22 30 50 79 140 162 169 194 332 344 522 636 679 769 905 955 
1 17 24 54 56 116 140 204 279 305 353 381 412 483 563 589 611 618 677 797 
1 16 18 31 50 121 174 243 245 269 301 364 423 427 514 547 624 628 798 910 
1 3 5 15 16 17 29 39 50 75 80 139 324 418 482 649 667 801 827 952 
2 4 8 13 23 47 56 68 89 97 103 262 382 535 580 684 709 780 871 971 
24 41 46 62 64 93 135 137 155 284 323 380 461 482 537 574 647 669 804 839 938 1024 
5 13 18 47 61 87 106 111 160 169 175 191 202 312 328 490 594 689 775 798 
1 6 8 14 35 51 57 79 82 183 190 194 239 284 357 584 774 786 825 840 900 988 
1 19 20 24 41 66 92 137 171 189 370 374 493 539 595 617 649 767 856 894 
1 8 33 50 54 59 96 102 130 153 159 173 191 343 365 541 890 891 936 976 1020 
1 3 29 50 52 56 70 171 254 297 298 302 335 362 542 550 596 653 862 960 
4 19 32 47 52 67 78 164 195 224 334 340 546 578 707 743 753 933 970 
1 5 14 16 17 22 32 45 47 55 79 87 130 134 199 211 328 356 463 923 
1 2 13 29 31 35 72 81 95 105 168 183 228 262 331 333 553 839 878 1001 1006 
7 10 53 56 89 112 136 144 145 214 236 282 403 519 529 714 772 778 795 944 953 1001 1006 
1 11 16 18 41 61 84 113 134 307 336 338 440 447 448 550 566 644 786 888 945 
22 23 46 95 164 216 239 278 388 511 523 567 642 675 724 768 785 829 876 912 982 
12 39 57 67 76 86 98 114 121 124 155 403 413 414 561 634 658 737 796 969 1020 
1 2 56 67 75 80 106 134 153 203 216 232 361 400 410 475 602 725 842 936 
2 8 12 14 30 67 71 110 172 213 277 348 350 354 445 477 534 906 965 992 
3 5 8 11 32 39 42 76 126 134 197 208 359 446 518 550 724 807 1005 
4 10 24 28 31 33 87 118 122 131 181 209 242 640 659 667 821 847 965 979 983 1001 
2 39 47 73 87 108 111 119 143 190 222 305 342 381 467 559 569 796 799 843 889 980 
1 16 17 26 77 88 99 109 153 181 211 254 265 601 603 629 763 913 929 
2 3 14 22 31 59 79 82 166 217 244 305 315 320 380 574 621 751 957 1002 
7 8 40 85 173 224 229 236 256 334 371 377 424 517 628 664 735 945 961 976 
2 4 6 60 85 86 128 215 242 341 392 408 421 438 445 624 636 678 767 900 
17 82 87 103 112 115 131 193 196 258 401 426 447 520 532 557 673 728 887 929 1006 
6 7 21 39 77 134 182 193 213 283 449 578 765 776 805 891 894 908 971 
1 3 6 16 49 58 64 101 115 130 144 247 291 538 615 777 836 888 935 981 990 
1 13 36 67 110 131 140 273 350 367 420 561 567 687 767 810 857 949 980 983 997 
