2048 14738 0

1 
1 2 
1 2 3 1099 
1 2 3 4 
1 3 1445 
1 2 3 4 
1 3 4 
1 2 3 4 1841 
2 3 4 7 733 
1 2 4 7 10 2028 
1 3 5 8 9 
1 2 3 4 10 12 728 
1 3 7 13 
1 3 5 7 13 
1 3 4 
1 2 3 4 7 10 
3 4 10 14 15 
1 2 3 5 7 1123 1628 
1 2 6 8 9 10 
4 5 7 12 14 18 159 1718 
1 2 5 15 16 
2 3 4 7 10 19 603 
3 5 6 7 
1 2 4 7 14 20 408 
2 3 10 13 17 
1 3 7 16 
1 2 3 12 18 22 
2 5 9 12 13 26 
1 2 5 6 9 16 18 1238 1700 
1 2 3 9 10 28 
3 13 21 24 
1 3 23 
2 7 8 14 15 25 29 
3 7 11 13 20 25 
1 2 4 12 21 22 
2 3 7 14 29 35 
1 6 7 8 15 17 36 
1 3 13 15 19 32 
1 2 13 16 24 34 
3 14 22 23 25 29 30 
1 7 20 21 29 1732 
1 3 7 12 21 32 125 
1 3 17 23 24 36 
2 10 11 12 40 
5 8 10 24 27 29 
2 8 14 27 
1 2 3 13 22 46 
1 4 8 26 35 37 
3 4 11 15 18 20 29 264 
1 10 17 22 28 45 49 1253 1979 
3 5 12 13 14 19 26 1099 
2 19 20 29 35 36 37 1348 
1 10 17 18 24 30 49 
1 3 4 12 20 26 41 
1 2 3 12 16 24 1371 
1 6 15 26 28 42 
2 3 17 22 27 37 55 334 
3 5 6 7 9 15 38 55 
1 2 10 44 55 
3 8 10 24 29 37 38 
1 2 3 5 33 55 253 654 
1 3 8 37 60 450 
3 16 25 27 41 
1 7 13 25 40 45 47 
3 11 18 19 32 37 39 
3 4 5 9 20 27 37 
1 4 14 26 36 50 51 
3 20 24 39 44 45 59 
1 2 4 18 21 31 37 
1 2 3 11 65 
2 3 7 20 28 32 
1 2 19 56 66 69 70 
2 7 32 59 62 70 
2 10 17 32 46 56 74 651 
3 5 21 28 57 65 1178 
1 4 13 36 40 43 68 296 
3 4 10 21 67 
1 3 20 27 36 54 1819 
1 3 19 46 56 
1 2 36 39 45 52 75 
5 11 19 20 32 56 63 1248 
11 17 19 46 66 68 
3 10 15 18 25 34 39 
1 7 16 21 35 51 52 
1 3 4 25 35 66 78 
3 17 46 82 86 
1 2 4 7 10 50 
3 7 20 29 36 65 88 
3 8 10 18 27 29 68 843 1510 
1 4 21 23 29 37 
2 3 25 26 28 62 1325 
1 3 6 20 26 51 
1 11 29 47 54 64 84 1134 
1 7 20 21 37 80 82 
1 10 12 45 81 
21 30 33 68 72 76 
1 4 32 46 53 59 64 1043 
2 3 14 48 62 63 66 1699 
6 11 16 37 49 87 99 1934 
29 33 36 48 50 70 80 
2 3 23 26 34 54 90 
2 3 6 22 30 39 69 
1 3 33 47 52 94 
3 13 32 39 56 61 62 
1 10 20 27 62 65 79 
3 4 5 12 17 43 106 
1 2 9 25 58 60 68 
1 3 14 25 35 57 70 522 
1 3 8 9 10 49 80 1774 
17 28 59 63 70 72 99 
3 8 21 35 69 100 1498 
1 3 7 15 19 35 42 370 
1 3 8 22 45 67 95 593 
4 11 20 29 37 68 99 
23 40 58 60 64 67 68 
3 14 42 69 83 90 104 
1 25 30 90 116 144 2002 
1 2 3 24 69 91 
1 7 15 39 82 91 102 226 1081 
2 5 19 27 37 62 83 
10 12 19 51 68 112 
1 30 73 86 92 96 120 
1 3 5 26 63 87 1088 
2 7 9 22 37 100 
1 37 50 88 108 109 124 
6 32 36 50 54 92 122 377 
3 10 42 51 65 71 89 371 1284 1760 
1 2 32 45 77 
11 14 17 24 60 114 122 
1 6 7 19 25 84 647 783 
10 11 35 83 85 101 113 
10 45 70 77 105 110 
1 28 51 59 70 106 126 1374 
2 60 70 73 83 112 128 
3 13 14 17 21 36 128 
1 10 14 19 37 62 88 
1 16 22 23 28 70 103 
1 3 7 19 30 63 77 
2 4 11 26 41 57 131 1258 
1 3 4 41 76 140 
3 21 26 29 37 45 61 
1 17 29 32 34 94 139 201 
3 14 41 88 121 
1 3 7 62 113 
1 5 17 37 76 99 130 1913 
3 25 33 47 69 85 91 
1 7 21 37 43 70 113 388 
24 32 70 96 102 113 138 296 
1 2 4 16 17 67 109 1685 
14 16 69 106 112 127 132 1824 
3 4 21 24 32 122 151 
1 32 37 81 109 110 152 1048 
14 23 32 62 87 110 
4 52 70 77 114 118 139 
1 3 14 20 23 85 
2 12 13 22 41 85 109 1021 
3 7 35 39 50 63 130 715 
7 23 33 36 56 152 
9 22 28 87 89 106 113 
2 7 32 83 120 126 
1 7 21 76 86 119 128 
1 2 3 10 16 30 129 2026 
1 3 10 24 30 70 143 1538 
36 39 70 95 101 143 
3 9 18 19 63 76 88 
1 3 7 42 54 57 108 
10 13 24 28 42 133 
3 4 8 18 19 49 91 
25 32 36 54 80 114 124 911 
1 4 6 60 100 124 155 
1 7 37 42 58 78 
13 19 44 92 126 146 160 
2 21 22 24 34 60 129 
1 20 29 33 37 78 124 
3 10 58 59 77 78 98 
4 19 88 99 120 138 1904 
2 12 20 33 56 66 85 
53 63 109 118 129 133 138 
1 3 5 69 79 137 151 
2 3 33 44 90 
10 13 99 113 129 143 
1 2 3 4 19 83 86 582 
4 10 21 66 67 114 124 1522 
19 21 71 90 96 118 146 
1 3 23 53 100 131 151 1013 
7 35 59 84 133 145 165 1154 1350 
1 32 44 74 89 123 
20 24 42 45 90 162 186 
1 12 23 35 71 
28 47 55 58 60 137 149 
2 6 15 81 87 106 176 
7 29 30 32 56 124 158 
6 10 11 55 142 158 186 
6 35 38 87 96 118 134 
26 32 33 85 98 154 186 821 1249 
19 36 48 50 93 142 165 388 
19 39 54 61 81 100 136 
1 2 11 33 41 44 67 
1 3 11 18 23 51 76 527 1969 
3 10 12 20 58 89 179 
14 37 67 82 112 177 185 
10 23 33 49 70 85 132 
1 3 36 134 191 197 1218 
8 45 60 109 112 113 148 160 389 
3 21 113 124 160 161 188 
1 10 25 53 56 111 
12 37 39 60 66 139 185 1304 
28 33 100 112 124 143 172 
3 33 37 58 112 179 191 
26 32 47 80 126 158 201 
1 4 6 32 37 110 186 
1 4 46 59 76 128 185 
1 24 27 55 84 111 202 634 
1 21 77 86 102 107 186 
15 20 33 63 70 118 179 
2 3 13 14 42 72 134 1186 
7 10 20 32 96 118 
1 3 15 38 85 103 144 
7 36 37 124 161 190 218 
2 25 70 128 147 201 218 
4 16 29 43 53 93 104 
3 4 86 105 128 155 324 1505 
2 5 28 44 131 154 218 
11 12 34 42 47 142 176 
4 14 33 83 89 129 148 
44 61 72 91 124 152 210 1707 
1 7 26 38 102 107 135 582 1374 
7 14 15 17 33 73 124 
4 7 11 45 96 147 199 
3 47 112 171 180 222 
3 93 132 136 185 193 229 
3 7 32 106 158 163 229 
3 4 12 33 71 128 213 1389 
2 3 10 20 83 96 198 
3 30 37 45 59 129 218 
5 40 51 52 128 136 163 
1 24 31 74 113 220 
1 7 19 32 33 113 124 
3 9 10 66 125 159 162 
1 30 36 37 99 184 217 1203 
50 55 98 99 112 166 216 1670 
13 16 22 102 119 133 162 
20 47 49 60 70 84 179 1972 
5 13 18 49 51 89 100 
3 16 51 56 107 218 1152 
1 2 5 171 231 234 
51 65 71 81 117 198 
2 10 37 68 144 189 
3 5 10 12 21 127 188 
1 19 83 96 122 139 218 
3 13 28 93 114 121 218 
63 66 87 112 134 
3 10 28 56 60 131 191 
39 52 59 61 89 93 146 
9 11 18 106 111 123 197 1681 
3 32 34 124 179 192 243 450 1232 
15 63 92 99 133 158 841 
3 59 66 106 140 151 234 
9 10 20 52 194 197 257 
2 14 25 29 69 82 177 1032 
3 49 51 70 78 100 235 
15 36 39 43 66 71 84 953 
7 17 38 49 69 75 196 1224 
2 3 15 29 41 56 207 
2 3 37 69 88 191 199 
2 14 69 151 154 172 224 257 
6 8 63 68 118 235 247 
2 11 12 28 92 147 248 1132 
3 47 92 107 124 149 262 
1 7 10 14 18 175 192 
3 4 10 45 77 120 165 
1 3 8 46 158 236 243 
1 7 13 25 30 32 99 1121 
4 6 86 190 224 235 264 
25 37 94 139 191 217 263 1417 
1 8 26 52 130 209 218 
4 54 59 99 108 113 253 
7 9 26 48 57 127 235 
7 14 32 33 114 166 236 
4 7 16 17 96 118 155 1067 
3 35 45 52 217 224 259 
10 20 34 62 130 267 277 
3 19 25 79 81 104 249 738 
1 5 20 21 24 45 253 
19 23 67 69 144 210 228 
8 43 45 53 91 197 
2 6 37 103 146 169 284 1365 
2 25 35 62 136 137 235 
3 13 24 58 118 237 280 
1 62 114 164 179 207 
5 12 26 36 37 70 156 
1 3 4 26 118 126 292 
2 8 25 38 105 171 220 1633 
3 4 13 64 107 143 243 
10 18 142 161 199 220 282 1753 
9 28 66 76 134 139 283 
29 91 113 155 229 242 277 
3 11 34 65 91 171 290 
14 17 45 52 81 131 206 
12 18 25 29 55 62 90 
2 21 89 115 133 152 162 
1 6 8 14 41 42 229 
12 29 105 151 159 164 207 
3 4 75 112 128 184 223 1047 
2 21 67 123 127 236 
15 17 32 114 128 140 269 964 
37 38 56 106 112 114 234 
3 5 91 122 143 144 274 459 
3 24 61 69 241 297 300 
3 74 106 191 210 222 
10 14 21 50 69 99 160 
19 25 36 67 118 308 
4 55 80 90 96 219 271 
4 6 55 72 158 207 292 
1 2 44 46 61 91 98 
2 4 70 95 136 233 284 
1 5 13 37 56 177 243 
24 45 46 110 233 246 254 812 1026 
45 50 76 96 100 143 274 
43 70 82 158 164 183 291 1563 
12 15 44 45 55 73 124 
7 56 60 124 164 214 220 892 
20 54 69 110 125 215 300 
32 55 73 80 90 137 139 
7 29 90 100 128 227 292 
21 97 106 158 177 199 289 684 
3 5 9 55 103 104 173 338 
13 19 30 83 113 123 223 
1 9 20 21 36 93 230 
1 7 20 129 165 243 245 1491 
1 52 55 65 66 99 197 1992 
43 48 59 129 133 197 321 
1 24 46 88 141 221 267 
10 13 59 68 99 100 173 
1 10 126 133 168 192 198 1329 
1 38 66 131 145 198 217 1956 
1 68 81 139 247 321 
29 69 86 114 147 208 319 
3 26 33 102 131 200 205 
1 72 174 259 266 267 314 
3 77 81 92 104 139 211 974 
10 33 70 156 207 275 283 
6 7 51 159 188 207 286 
1 14 22 109 168 256 309 
1 10 101 110 164 205 281 
3 4 12 192 240 274 344 
12 20 26 27 231 235 288 
1 3 78 144 209 258 262 
21 32 69 163 207 292 293 
2 92 94 118 243 272 
1 11 22 138 330 
35 98 152 166 185 198 297 1133 1813 
7 9 12 19 20 44 70 1861 
12 13 66 144 229 235 307 838 1511 
38 40 64 76 92 144 288 
2 4 5 10 45 66 263 927 
18 21 117 125 145 163 242 
8 12 73 78 169 322 326 364 1441 
1 2 30 46 102 118 226 
37 91 144 172 177 191 340 
3 5 19 21 89 151 289 
3 17 41 70 80 244 350 
1 4 56 172 185 226 355 
2 28 69 88 222 296 307 
6 35 58 62 131 158 
3 13 28 82 104 108 321 
9 11 102 118 272 279 286 
1 3 4 70 80 90 
8 10 11 17 63 326 359 
18 19 113 127 185 207 227 515 969 1419 
9 20 57 67 110 204 292 
7 20 46 135 176 202 261 
11 29 111 223 281 331 370 
5 53 66 96 149 304 351 1239 
2 3 14 23 123 149 172 1201 
1 36 56 138 172 188 356 2041 
11 23 68 69 191 214 288 
3 45 88 181 197 277 333 1754 
34 47 76 159 164 374 
1 3 11 66 169 224 289 1831 
1 16 23 52 63 71 237 
10 19 62 110 175 288 361 
8 53 67 86 89 129 308 
3 5 18 22 42 136 220 
20 30 72 118 220 235 357 688 
23 171 190 329 331 374 377 1674 
3 18 32 139 150 240 266 
3 14 64 109 178 259 
1 80 185 236 261 368 387 
14 42 43 123 146 149 237 
1 21 32 114 173 177 207 
19 24 78 93 112 206 235 438 
7 12 90 147 163 241 333 
1 3 42 45 89 140 154 
58 70 90 196 210 313 359 
3 14 15 68 70 147 263 
19 47 100 122 234 331 360 
2 13 14 23 140 331 
2 10 14 100 103 231 257 
17 47 62 82 95 202 377 
1 62 79 106 128 220 
3 7 59 115 165 383 400 1537 
69 137 161 168 271 347 377 
8 35 47 91 192 305 306 
3 119 231 246 300 321 398 
2 3 20 33 47 296 387 995 
1 91 143 146 194 244 301 2028 
4 20 25 29 61 108 125 
1 3 29 93 157 189 350 1863 
1 20 56 124 144 145 243 
7 26 79 80 93 95 108 
2 19 116 194 336 351 377 
3 7 47 81 148 183 212 354 984 
1 60 121 231 269 406 934 
42 54 70 114 254 270 276 
33 34 44 75 118 391 415 1856 
6 44 47 70 96 131 313 
19 46 73 90 131 214 252 
3 16 24 232 303 379 395 
1 3 25 133 163 335 346 1452 
23 128 178 217 331 396 
1 124 140 159 268 378 379 
22 23 91 96 164 399 422 856 
3 24 89 105 362 385 392 
10 57 139 147 174 338 360 
1 3 7 48 229 390 
3 8 10 24 131 154 181 
3 12 81 181 188 203 340 568 1744 
13 27 89 125 336 404 421 
1 3 10 13 93 105 390 599 
1 23 37 86 140 195 421 
19 21 226 236 283 308 340 
14 38 59 134 186 331 416 
4 5 10 27 70 133 382 
4 7 8 208 240 346 413 
12 14 66 124 129 175 365 1231 1459 
1 5 52 62 67 142 152 
3 20 111 207 343 364 403 
1 3 25 76 94 218 263 
16 23 53 55 59 81 159 
3 67 70 90 168 257 353 379 
20 36 55 75 94 124 268 
3 56 190 235 254 
7 35 51 83 133 331 
70 155 184 197 328 344 378 
1 4 18 204 302 316 393 2014 
14 56 69 112 188 243 252 
7 37 118 122 215 315 1499 
7 9 13 58 425 428 440 468 
13 22 24 347 378 417 441 
3 5 50 112 114 173 333 
2 35 60 85 108 142 154 
29 93 105 139 162 192 268 
1 13 46 268 347 390 394 
22 123 195 262 361 378 434 
76 99 109 317 350 364 385 
10 21 22 177 210 217 301 
13 18 46 106 139 201 277 1185 1649 2016 
1 7 11 29 149 199 220 
4 11 28 49 261 333 343 
3 24 51 76 105 228 344 
16 143 193 197 199 309 340 
17 57 143 184 380 383 388 869 
9 23 68 140 169 239 419 
19 33 87 138 154 210 393 1135 1588 
1 9 11 27 300 385 451 
1 3 21 56 120 166 304 
63 84 96 189 225 228 298 1588 
1 19 29 62 137 158 327 
18 22 63 149 256 320 350 
2 3 15 17 313 336 351 
9 25 67 82 199 232 257 
3 4 26 82 87 270 1180 
3 92 95 179 320 331 393 
26 35 59 66 88 100 136 
47 102 120 139 245 295 386 
1 15 87 202 242 308 424 
1 9 14 20 45 167 458 
21 25 33 175 327 341 391 
2 3 13 90 176 328 393 1469 
1 3 6 17 19 195 378 
10 33 70 100 147 319 399 
24 64 242 282 412 435 476 
1 18 68 204 308 331 341 
4 9 99 159 305 372 375 
67 89 103 131 138 306 434 
3 34 78 79 81 109 319 
1 3 13 85 112 134 292 
37 42 58 80 133 153 158 1525 
8 11 37 45 81 144 347 
1 19 38 66 82 183 197 
3 65 108 191 230 442 
20 32 65 103 276 302 450 
10 24 32 43 100 118 419 1540 
99 105 158 279 418 432 444 684 
69 211 276 347 419 467 481 
40 75 109 152 153 188 355 
20 30 192 324 330 369 457 
2 3 53 90 206 269 309 
21 42 76 134 184 202 469 1786 
3 5 25 83 95 264 434 
3 170 233 278 283 422 455 1426 
4 47 240 245 333 410 492 
8 15 154 194 298 396 475 
1 29 45 59 237 330 493 1631 
4 7 70 262 393 401 
44 49 71 139 266 285 371 
9 14 83 122 437 470 
6 16 80 131 152 155 509 
42 104 110 152 159 299 401 
102 113 194 313 333 365 402 
3 5 9 11 14 338 377 
4 55 184 233 302 352 410 
5 49 73 127 180 309 487 
44 170 311 327 365 384 463 
4 41 48 140 141 304 449 709 
123 138 188 190 249 306 374 
37 44 72 211 248 367 422 
23 99 159 169 361 453 510 1968 
190 192 269 359 426 464 489 
1 79 88 118 138 152 155 
4 10 16 66 70 224 464 1097 
40 98 109 112 195 209 327 631 
4 10 124 210 242 321 417 1960 2012 
56 111 114 162 196 245 408 1638 
7 14 163 309 340 466 479 
2 5 102 189 454 
24 41 111 124 191 403 
15 69 80 144 333 349 482 1630 
6 11 38 105 217 438 445 1646 
1 11 94 129 218 280 363 
26 36 65 219 245 422 497 
5 61 74 139 145 257 273 
15 41 80 171 299 322 404 
23 122 124 196 307 364 405 
1 189 262 326 369 401 
15 40 75 77 91 93 471 1959 
4 60 70 71 113 123 211 
36 51 55 90 243 326 333 
5 36 107 129 184 314 422 
14 155 181 259 313 514 
3 23 186 225 234 245 263 
15 17 23 26 70 124 340 
3 17 37 120 145 215 373 
1 37 58 167 213 225 
18 40 79 89 191 195 297 1451 
7 29 30 53 102 123 181 
14 110 132 297 396 400 490 1010 
30 90 144 151 196 388 496 1984 
3 161 279 305 399 
5 37 61 90 148 193 240 
1 38 220 283 301 470 
3 41 76 95 118 154 295 
3 11 14 40 47 217 308 
9 38 152 179 213 227 406 
52 60 94 98 123 350 373 
2 7 27 47 83 147 162 
7 32 39 145 151 428 464 
41 53 56 69 70 357 364 2042 
1 2 6 42 147 352 416 488 
7 85 114 223 259 359 521 
3 25 36 113 340 476 511 
19 40 51 94 106 149 430 
18 23 228 238 328 414 496 
4 114 138 230 245 247 426 1558 
3 42 70 93 163 261 283 
5 10 36 98 198 199 385 
54 59 75 86 111 341 399 
2 15 21 130 181 387 428 683 1927 
4 28 59 70 159 161 166 
3 8 26 68 220 378 380 973 
1 96 204 230 277 517 
1 59 245 263 333 392 398 
3 9 94 307 343 541 561 
29 47 195 211 259 414 498 1406 
32 106 220 334 350 439 495 
3 13 26 256 313 328 
13 17 96 232 253 328 396 
22 77 119 243 321 377 516 1488 
1 21 43 59 284 311 343 
8 99 151 197 232 348 453 
36 45 53 331 364 421 567 
21 114 128 155 189 254 527 
21 23 29 63 78 262 306 
9 28 54 84 89 140 220 
8 24 40 170 198 224 401 1796 
10 70 76 98 114 180 220 466 
1 73 102 150 264 451 547 1962 
16 26 60 62 95 153 178 
23 114 118 119 358 458 516 
1 3 14 71 131 146 291 
78 90 127 155 213 236 394 
5 72 76 129 205 505 564 
27 139 155 168 181 232 304 
3 26 141 205 343 385 488 
10 24 114 273 277 330 373 1583 
9 25 37 47 169 243 328 
1 106 110 149 228 270 306 
3 5 10 24 135 321 
34 41 87 199 240 413 572 1825 1941 
3 79 210 347 450 463 535 
20 68 249 421 469 548 590 
4 21 29 37 47 64 142 
7 14 128 192 495 532 
37 56 85 136 152 565 
1 19 24 155 344 408 489 
124 195 321 348 349 377 554 
22 138 148 214 232 424 536 
15 109 167 267 310 316 498 574 
1 64 266 344 445 466 484 526 1414 
1 20 29 30 48 60 101 
4 114 180 193 226 463 523 
1 37 100 144 287 521 549 
2 23 26 91 162 197 548 
3 63 142 147 453 458 
45 89 94 237 241 295 607 
103 172 197 219 314 458 527 853 
4 32 42 109 192 594 1709 
7 19 123 179 188 418 478 503 710 
1 2 29 37 61 90 272 
7 29 36 120 124 458 474 1419 
100 109 154 319 498 619 622 
81 232 297 313 322 329 400 477 
24 59 142 254 284 314 350 
1 16 140 192 352 390 452 
3 20 24 33 75 321 522 1672 
24 70 125 188 280 471 574 601 
35 71 109 276 285 307 444 
10 26 125 128 248 311 422 
9 24 26 45 148 256 524 
11 79 112 136 146 287 355 362 1252 
13 159 365 380 399 419 575 
10 45 122 281 394 466 484 581 832 
1 73 77 113 159 327 514 1947 
3 33 186 346 394 523 1362 
3 124 137 237 309 477 605 1544 
3 104 152 281 369 515 602 1359 
18 24 86 298 320 447 621 
21 188 291 378 429 511 570 
3 32 94 129 150 406 433 2012 
8 9 117 137 174 607 639 
24 55 146 202 278 365 428 1346 
6 45 59 72 118 333 478 
1 20 140 178 248 249 
10 36 204 212 217 409 453 783 
5 9 12 84 282 284 340 1481 
33 267 293 424 491 565 618 1952 
70 73 76 205 288 336 423 
3 23 26 60 104 274 458 
6 10 40 47 101 113 191 925 1514 
7 125 224 511 524 556 640 
15 18 30 66 105 518 540 
124 129 167 220 415 497 574 
1 2 3 4 7 262 448 
2 89 437 440 548 549 554 
45 63 76 153 208 391 445 
7 10 19 96 374 444 564 
21 26 32 69 265 283 347 
10 65 105 142 143 154 425 
3 215 267 345 496 527 655 
3 5 17 23 106 333 521 
58 78 198 225 347 546 591 618 
7 55 165 255 352 428 584 
1 25 170 345 364 602 649 
5 212 233 338 340 455 456 
4 8 11 16 199 329 393 
42 124 219 325 340 463 503 
27 235 281 309 384 563 644 
10 40 52 60 158 232 650 
9 10 48 70 99 169 359 
17 69 266 284 382 549 589 
1 2 50 113 218 512 577 
7 33 56 88 110 292 498 
2 3 99 370 545 648 660 
1 30 106 162 396 565 634 1018 
1 20 62 72 275 282 566 
9 34 76 140 164 377 587 
3 81 102 124 235 368 606 
2 10 22 36 56 94 223 1678 
14 68 81 130 217 314 315 
4 23 50 70 101 329 616 
8 31 59 75 456 468 668 2005 
40 51 78 198 329 422 532 
15 22 57 113 169 470 659 
18 36 63 67 129 227 626 
22 70 113 141 147 321 556 
1 2 37 192 196 350 573 829 1184 
2 281 288 495 521 577 621 
5 20 34 350 408 445 656 1704 
1 120 144 210 218 290 446 2004 
18 110 161 266 509 551 651 
58 59 61 122 222 397 645 
16 17 33 138 263 344 504 
34 69 86 136 264 411 613 
3 7 42 71 191 241 394 
109 237 242 282 484 663 670 
32 90 120 132 228 636 662 1343 
2 66 151 233 266 365 560 
12 55 62 134 184 216 222 847 
1 24 89 259 272 578 645 1017 1272 
58 87 168 249 269 292 351 
98 109 120 373 533 554 577 
2 11 14 66 268 321 691 1735 
43 49 57 102 117 424 456 1664 
3 28 341 380 564 583 677 
4 10 22 36 181 307 337 1865 
129 180 199 234 283 624 660 1898 
7 84 124 184 307 331 364 1470 
3 24 72 267 307 347 656 1637 
21 22 109 127 200 551 620 672 
2 7 99 220 287 524 606 
2 40 83 144 211 543 632 
19 33 44 100 186 508 623 
37 96 135 140 143 334 546 
39 60 112 184 300 366 611 1466 
1 15 46 86 198 401 
21 33 69 136 157 313 616 
2 10 20 197 211 302 
29 100 111 221 333 371 402 
3 7 102 120 124 284 636 
3 19 108 187 497 534 643 
13 26 54 249 253 451 515 
90 155 160 248 348 366 450 
24 44 99 140 226 576 653 
18 41 62 288 349 364 483 1070 
3 4 300 307 308 426 689 1294 
21 22 131 295 349 374 481 1958 
41 99 344 445 649 651 727 
5 14 21 32 87 268 424 
10 22 153 191 328 621 
1 3 10 89 108 425 675 
19 59 67 69 142 204 577 912 
4 261 309 347 379 471 696 
3 8 27 165 339 450 712 
7 311 320 357 403 440 607 
3 11 22 338 562 625 645 
37 46 109 134 240 341 345 1904 
1 37 42 285 386 485 645 
67 157 183 247 403 509 690 
37 128 197 326 391 584 
3 44 77 223 290 405 704 
1 80 103 133 213 365 646 1307 
42 102 217 268 462 516 559 
2 19 58 83 270 631 648 
12 30 215 312 349 371 725 
17 70 71 81 115 167 494 
18 45 114 355 409 417 460 1899 
1 66 113 214 407 529 663 
41 112 218 314 402 435 
7 13 71 125 143 254 
21 139 300 409 670 727 731 
30 32 36 100 138 185 594 
10 15 34 37 120 351 427 1094 
22 46 129 247 288 492 518 
11 25 49 81 91 193 659 
175 239 380 522 557 651 723 
21 26 29 76 405 591 661 745 
90 256 292 334 342 348 594 
2 7 83 169 363 440 584 1341 
2 39 81 85 144 273 418 1794 
3 13 241 273 613 664 756 1697 
10 18 59 225 260 343 424 1990 
20 21 56 70 123 323 418 473 1816 
46 108 114 203 208 322 505 
76 93 149 160 171 336 662 839 
24 99 120 131 399 432 698 
42 172 320 388 506 580 663 
2 3 89 197 377 605 705 
3 210 259 320 432 608 661 782 
118 214 286 361 448 492 706 
3 5 17 25 153 640 756 1328 
3 20 71 114 144 425 492 
25 36 60 93 99 206 738 
6 19 59 92 474 576 631 
19 25 401 419 423 467 668 1422 
29 34 124 177 259 314 466 
1 14 16 29 59 172 550 
4 12 157 305 347 546 686 
36 49 344 446 622 623 636 1556 1572 
9 40 59 136 260 273 382 
37 109 185 464 518 594 678 
3 133 247 311 328 715 1351 
4 63 71 258 446 458 607 644 
8 28 85 196 333 489 763 
3 7 142 178 505 696 771 
2 18 20 36 112 319 773 
3 15 141 197 441 770 
10 92 93 203 310 317 656 
10 21 28 59 105 166 344 1474 
18 44 96 286 374 445 629 
7 93 168 389 390 450 516 
3 16 164 197 237 368 771 
1 197 214 565 629 700 748 999 
29 74 96 106 198 514 571 
1 3 97 489 563 597 740 
4 89 92 185 292 329 422 
23 158 174 203 663 758 780 
37 124 265 367 436 600 665 
23 29 47 149 486 508 586 764 
3 27 140 268 416 526 558 
2 3 96 112 374 638 713 801 
90 123 227 345 348 541 545 1503 
41 47 124 255 348 602 839 
1 3 14 34 260 316 494 892 1168 
24 37 145 174 242 300 747 
7 27 129 191 241 347 796 
17 44 83 93 245 389 495 
18 29 106 306 364 430 537 
3 161 164 181 253 298 694 
33 112 220 355 517 583 1288 
1 24 196 316 424 442 583 1723 
26 162 177 394 417 445 533 1637 
1 7 70 88 377 610 723 
36 59 146 202 203 563 570 
3 123 308 365 434 489 639 1929 
7 161 176 222 663 669 760 1258 
4 128 459 462 484 688 
7 52 118 142 436 498 600 
1 3 18 113 407 687 772 
56 63 194 213 291 507 514 
3 91 228 291 606 617 663 
1 102 131 149 297 664 698 799 
3 20 21 108 289 577 736 
14 29 80 272 441 727 738 
1 5 11 37 61 498 512 
1 56 70 78 157 164 600 
1 21 26 128 139 365 
3 26 56 109 249 473 674 
23 59 396 508 559 685 713 
5 24 172 392 402 680 795 1086 
27 96 314 351 483 542 664 
3 7 26 37 56 479 765 
24 130 387 443 527 577 655 1348 
17 22 152 170 310 492 817 
2 21 100 360 404 547 758 
2 14 121 326 459 662 742 
24 151 181 235 278 377 748 
2 51 72 183 188 410 537 1798 
2 26 30 40 108 309 
1 59 477 553 628 712 811 
82 150 176 446 464 513 663 
1 3 216 518 565 582 706 
6 9 79 142 545 621 822 
1 6 154 155 276 591 
1 10 16 69 259 313 494 
62 75 386 466 471 535 552 
1 20 113 122 302 475 
30 37 40 353 421 599 725 
36 37 87 118 494 523 604 
1 114 164 204 291 311 
32 70 112 262 291 470 625 
2 77 84 98 130 522 676 
1 14 39 124 388 495 509 1200 1561 
9 21 91 119 455 631 
13 14 53 70 134 253 530 
19 336 340 363 552 554 756 
1 31 106 375 421 505 835 1413 
1 3 16 58 88 105 845 
2 23 207 379 592 
2 26 112 192 437 787 822 
21 32 100 109 413 436 551 
21 87 114 195 297 362 861 
114 154 190 330 443 637 757 1565 
1 3 66 187 224 296 564 
4 8 56 143 263 521 764 
53 151 202 339 422 742 823 
3 21 41 56 324 561 608 615 
14 39 212 320 563 639 815 
1 25 69 108 300 352 817 
19 66 152 218 274 321 356 
15 31 141 270 331 506 606 
18 36 113 308 354 489 657 
7 9 371 555 592 610 812 1636 
3 16 52 333 471 576 
21 25 51 422 537 597 841 
4 26 144 184 220 407 845 
44 180 209 413 452 608 711 
1 3 62 67 460 526 867 
1 20 71 72 218 419 731 
131 154 483 512 654 680 852 1587 
32 63 338 631 776 803 852 
19 125 127 131 146 346 393 
1 2 50 85 114 713 1276 
69 72 120 214 215 349 602 
20 140 311 344 704 1539 
1 10 24 109 237 667 856 2028 
3 21 59 123 191 220 753 
17 124 129 264 421 691 814 
1 59 117 206 317 786 800 
12 42 186 209 338 351 683 
20 38 50 156 522 540 704 
13 86 158 272 380 597 808 
7 147 255 306 520 533 663 
1 6 103 646 688 707 843 
3 58 128 134 573 589 717 1114 1255 
19 466 509 560 563 739 867 
1 81 192 482 615 634 829 
10 54 62 129 333 757 823 1504 
7 69 78 188 443 475 572 1904 
3 20 23 198 225 297 851 
228 264 350 424 581 680 870 
3 17 49 77 186 268 382 2044 
68 184 210 264 393 407 886 1985 
7 41 231 253 304 344 435 
24 109 207 230 281 579 676 1679 
3 12 52 198 256 662 741 
3 22 29 67 118 435 511 
61 136 155 336 366 378 475 1602 
3 27 213 215 279 297 1496 
3 9 38 170 614 626 629 
12 22 105 113 231 539 654 
23 53 78 271 707 734 851 
8 17 57 62 90 142 243 
1 154 321 420 430 445 911 1349 2035 
35 104 167 365 394 749 797 
3 22 154 166 431 604 611 
2 102 106 118 119 441 571 
6 26 112 394 418 545 693 
25 37 124 219 288 745 881 
189 234 254 271 317 569 771 
1 3 16 17 45 631 836 
1 3 48 124 283 702 733 
10 12 21 105 123 594 844 
1 3 178 296 757 897 902 
14 17 114 208 360 394 845 1576 
10 15 23 220 305 328 418 1850 
4 179 243 251 360 497 743 
4 38 202 237 346 585 862 
15 32 77 87 118 177 754 1105 
28 118 331 348 495 564 881 
1 3 383 551 705 826 
24 68 289 489 538 632 842 
2 6 223 313 370 546 574 
24 46 292 381 528 556 793 
32 61 396 407 411 664 857 
4 21 273 520 570 795 911 
27 68 247 667 712 739 821 1796 
3 88 205 610 742 856 885 
5 18 30 55 260 495 584 
1 19 24 127 129 140 340 1826 
3 20 81 297 321 498 640 770 
3 5 26 72 230 280 594 1294 1356 
1 79 104 355 519 623 864 
20 25 70 92 152 394 921 
3 12 25 72 100 159 283 
33 77 78 93 147 264 836 1358 
19 59 117 284 329 334 351 
19 74 82 230 333 762 868 
20 181 192 218 373 523 530 
16 26 68 279 318 683 801 
34 78 168 224 299 374 574 
129 340 377 528 634 707 844 1401 
4 128 204 706 748 889 897 1376 
3 7 16 83 346 497 930 1833 
3 245 361 463 469 853 872 1421 
1 291 303 337 377 629 659 1130 
197 272 304 321 333 435 955 1209 
3 25 39 561 644 889 921 
10 123 145 160 211 373 840 1504 
10 21 106 232 260 427 959 
37 94 247 271 380 443 697 
1 68 253 444 577 687 827 1474 
4 112 152 203 526 629 725 1472 
87 95 107 422 603 812 928 
4 118 214 216 255 355 945 
12 18 42 83 103 113 961 1969 
5 19 293 334 447 646 825 
59 71 107 308 344 834 870 
72 445 455 566 590 785 824 
3 45 69 126 368 374 591 
2 67 237 504 556 752 860 
3 59 134 155 179 186 679 934 2027 
1 28 220 331 438 521 569 658 
2 96 164 220 377 451 591 
1 23 26 118 178 374 922 
1 3 158 344 586 
1 20 42 113 125 127 296 1457 
7 114 160 236 550 610 911 
11 124 428 508 541 693 821 
2 8 263 512 521 870 890 
16 63 67 186 328 428 903 1697 
1 3 32 138 194 245 490 
62 64 185 265 565 776 917 
12 194 195 203 221 351 831 1031 1461 1549 1780 
2 29 147 152 202 264 637 
7 14 142 159 483 505 553 
38 47 81 307 378 588 624 
2 15 83 237 307 564 881 
1 104 340 619 733 861 940 
212 376 403 474 635 820 901 
74 96 400 417 719 760 893 
136 164 480 576 703 763 914 
12 59 144 178 452 512 772 
1 5 79 410 486 685 731 
4 42 53 193 330 385 763 1528 
11 162 253 262 320 331 538 
1 7 34 57 58 421 
72 100 114 126 595 684 875 
21 38 42 120 548 724 978 
56 66 128 217 359 419 478 
1 2 152 236 545 643 822 
3 17 122 295 309 441 720 
1 7 42 235 475 577 695 
7 11 37 172 216 578 728 929 
10 23 69 80 140 204 559 1745 
7 19 46 65 188 510 539 
1 6 19 77 194 344 682 
3 19 42 113 416 663 970 
1 7 23 128 422 820 980 
144 145 224 356 542 657 675 
236 457 470 473 512 665 896 
29 70 140 155 536 640 809 957 
23 29 41 72 121 333 543 
1 21 179 278 302 489 608 
70 96 186 233 470 817 977 
77 182 249 298 409 663 769 
1 11 106 144 210 524 847 1940 
3 7 43 102 359 620 704 
32 33 49 235 304 554 1000 1422 
129 139 140 397 435 669 834 1030 
1 3 11 289 802 809 1546 
8 21 57 90 321 733 987 
2 3 35 433 562 677 909 1368 
169 323 544 627 632 667 912 
188 235 236 259 398 420 652 
19 71 267 411 632 810 960 
1 2 217 306 661 678 708 
8 78 97 291 696 881 1013 
42 445 588 609 813 896 942 
65 70 93 114 152 300 410 
309 339 351 446 464 594 1024 
7 102 128 248 451 803 960 1644 
5 20 21 51 96 410 980 
3 19 35 334 438 677 922 
41 158 238 333 490 571 633 
1 12 114 311 320 530 914 
15 102 119 202 266 385 681 
25 29 34 401 607 741 975 
8 24 30 76 462 527 693 1111 
78 179 223 401 530 655 749 1512 
3 46 302 356 440 549 722 1415 
2 44 104 244 501 1005 1830 
1 9 47 204 260 619 852 
1 15 40 54 63 108 563 
16 38 39 69 223 458 717 
66 86 248 275 283 314 790 1406 1947 
29 78 118 178 239 631 676 
21 25 41 115 197 236 876 
21 24 159 534 642 755 965 
1 10 125 264 276 450 878 
1 164 175 361 477 844 1044 
5 21 25 46 109 138 827 
5 8 28 44 235 721 996 
67 102 268 295 307 426 765 1372 1936 
21 94 121 126 263 422 717 
14 39 191 320 582 786 980 
2 33 105 185 249 470 746 
70 196 202 405 486 749 971 
185 201 282 349 512 572 803 
1 3 113 125 146 420 700 
37 137 141 391 520 616 853 
90 156 273 624 762 906 1062 1635 
4 30 37 265 529 591 796 
37 40 69 86 87 334 358 1305 1820 1881 
3 11 60 92 212 308 840 1481 
1 12 53 60 548 569 965 1535 
1 3 29 107 112 251 820 1562 
8 119 218 655 997 
24 56 101 152 733 734 
45 158 161 242 282 570 629 
17 20 23 69 77 236 313 
13 131 188 241 564 611 823 
10 17 19 74 131 283 290 
28 55 377 447 542 663 897 
19 70 72 421 701 847 1043 
1 22 89 177 278 382 663 775 1228 
20 135 203 433 473 765 933 
146 184 243 345 501 555 784 
1 14 129 300 464 1005 1070 
34 42 113 278 430 567 774 1842 
35 46 122 123 139 161 460 
77 162 266 273 347 623 992 
8 71 154 229 269 465 881 
1 8 142 270 273 351 509 1684 
7 24 56 399 686 872 976 
5 10 71 217 310 312 542 1789 1909 
47 67 194 291 358 421 813 
20 168 271 346 688 691 1085 
1 7 68 197 412 546 1051 
7 115 228 260 385 824 922 1493 
40 146 207 317 698 746 776 
36 40 53 97 108 118 203 
1 10 118 124 211 232 999 
2 19 39 52 697 755 1078 
3 10 70 183 265 387 1071 
140 262 495 510 667 722 1047 
1 10 131 184 453 471 822 
2 12 137 220 608 783 1024 
5 66 69 385 567 773 877 
42 182 259 329 501 582 890 1992 
25 121 167 203 703 984 1053 1103 
37 94 133 196 384 545 751 
1 3 142 664 680 753 906 
9 15 28 575 615 736 1061 
3 26 32 243 676 782 1068 
37 96 103 153 754 843 966 1556 
35 57 132 277 451 668 675 
3 9 14 51 277 415 492 1213 
36 56 118 365 425 942 1062 
79 114 130 164 313 333 559 1096 
7 52 175 400 429 778 964 
20 113 215 225 233 378 1057 1319 1508 
5 270 602 675 791 856 941 
3 17 68 71 163 245 406 
1 10 14 24 365 816 1084 
3 6 37 190 235 661 810 1311 1822 
15 35 106 138 331 456 869 1201 
6 14 65 80 124 372 1105 1265 
5 70 176 765 789 902 
1 14 167 325 442 644 
42 188 263 489 508 565 588 
12 41 70 71 244 470 957 
2 3 20 412 517 699 1098 
313 365 480 722 783 794 955 
141 242 542 611 746 749 831 
3 19 70 111 438 758 957 
25 124 516 531 607 824 872 
10 20 21 427 767 905 
1 3 4 629 954 961 969 
2 218 333 483 681 805 857 874 
7 35 104 338 707 799 893 
12 13 106 140 321 364 1013 
1 14 24 246 591 917 972 
24 195 201 291 404 856 866 1120 
345 395 648 862 873 884 976 1855 
11 29 109 346 577 651 922 
8 17 19 72 142 335 646 995 
1 2 36 37 99 272 555 1769 
17 145 147 156 344 525 853 1016 
59 76 79 271 410 517 989 
8 11 60 254 427 538 806 1930 
11 132 211 467 758 808 1016 1105 
1 14 18 192 357 406 537 
3 4 12 329 613 619 749 
1 50 55 86 102 288 398 
5 59 96 169 171 941 1146 
1 15 45 170 186 668 814 
24 36 111 306 550 857 1072 
62 152 472 631 980 985 1013 
365 494 521 777 956 1035 1145 
3 131 199 235 648 789 1034 1611 
7 58 149 180 366 1074 1091 
16 23 88 100 106 519 639 
4 16 72 90 331 355 981 
50 55 66 115 211 847 902 
1 28 67 133 477 804 898 937 1086 
205 226 333 388 416 596 751 
177 255 264 378 749 752 987 
3 37 39 176 227 1898 
4 24 263 316 494 786 993 
3 161 173 180 251 374 818 
6 47 129 823 893 1024 1047 
10 14 132 198 443 470 1160 1669 
4 5 42 71 328 590 732 
1 21 140 396 704 937 1077 
1 266 301 480 558 685 851 
17 32 37 53 138 292 394 
41 160 471 551 674 704 746 
20 74 77 159 379 549 1052 
9 22 144 382 607 640 774 1408 
3 50 66 221 1041 1115 1163 
74 81 86 300 309 650 919 
7 17 37 70 311 537 1115 
19 81 247 306 316 695 806 
3 24 35 43 147 251 351 955 
27 46 234 381 515 997 1041 1054 
15 37 48 173 326 363 656 
5 81 122 144 227 331 477 
37 158 207 275 367 633 1145 
3 78 214 313 504 783 960 
38 117 333 352 376 445 802 
59 118 144 172 500 810 893 1533 
10 37 57 99 712 923 1053 
7 24 38 90 158 570 882 
5 310 605 711 928 940 1075 
2 103 245 308 770 1033 
17 45 210 249 323 350 492 
211 336 366 381 516 624 774 
3 18 152 532 749 798 984 1471 
3 192 450 470 748 893 
85 146 475 563 584 637 835 
95 140 443 481 695 697 960 
5 20 350 394 435 468 693 927 1352 
22 96 312 328 484 511 1028 1236 
104 145 147 181 457 491 965 
12 45 226 260 269 348 1014 
7 20 22 66 300 794 1169 
26 216 257 291 341 516 700 2003 
191 233 272 440 558 627 999 
14 49 102 383 705 732 909 
250 503 753 913 952 966 1126 
46 68 366 382 745 749 1093 
104 147 191 394 412 661 1090 
1 56 70 101 134 564 764 895 1694 
1 3 25 37 382 518 545 1979 
1 3 32 298 302 651 1205 
18 78 579 606 736 825 879 
19 70 72 400 505 577 907 
6 112 401 414 453 516 647 
64 94 106 312 461 695 959 1168 
17 57 81 335 344 827 1200 
1 4 10 481 613 984 2020 
7 20 23 24 306 580 
56 228 277 631 659 875 1070 
3 98 196 289 370 437 613 
2 10 36 155 240 248 277 
21 193 315 429 534 707 727 
100 122 140 205 300 719 
30 76 118 130 221 800 1008 
1 13 138 656 748 873 1028 
26 61 288 614 688 888 1082 1737 
21 126 259 291 704 778 958 1285 
15 23 139 299 443 925 1047 
12 70 105 389 413 793 1083 
26 46 115 121 326 355 1008 
99 115 369 672 838 851 1054 
131 179 214 229 816 874 1010 
4 11 186 406 517 558 961 
33 272 547 708 788 878 1229 
1 79 372 420 427 793 939 
1 53 138 141 273 534 1010 
114 118 321 417 676 980 1097 
5 55 163 209 487 777 1199 1447 
1 69 141 223 602 1124 
120 206 215 593 680 769 930 
4 5 7 32 83 93 1074 1536 
217 233 690 933 1109 1167 1237 1945 
1 19 91 185 611 807 978 
3 58 67 249 432 538 1088 
20 50 208 307 321 443 718 1666 
3 24 69 118 360 383 584 
3 12 22 139 146 552 741 1646 
20 127 247 300 341 390 602 
247 373 396 583 613 863 880 1594 
11 29 63 70 182 260 1191 1223 
34 100 114 369 842 858 1005 
26 142 401 421 550 663 961 
67 73 166 178 493 621 689 1855 
1 8 116 306 385 511 1206 
297 322 401 534 611 737 1092 1479 
29 150 186 270 279 321 373 
59 334 336 416 622 700 1170 
130 205 212 230 378 547 782 1294 
5 30 43 82 352 357 489 1457 
3 45 114 534 630 801 
4 186 563 581 701 1065 1185 
12 192 213 349 624 985 1254 
1 2 207 218 431 437 514 
37 49 212 556 871 944 968 
26 46 121 146 291 350 447 
3 96 346 449 560 770 1111 1162 
104 265 320 436 841 1073 1180 
3 72 129 756 941 964 
10 96 185 188 929 978 1087 
32 344 436 454 587 610 1138 
2 3 139 277 595 1130 1193 
8 36 343 477 543 757 973 
8 172 208 233 317 484 542 918 
1 30 52 165 264 376 668 
24 63 72 200 785 809 832 1301 
29 52 96 556 645 688 1025 
10 21 117 272 796 920 941 
1 125 319 549 604 982 1016 1673 
76 132 441 445 565 631 1235 
1 17 20 62 67 264 1131 1888 
3 167 179 373 386 820 889 1405 
25 27 145 202 222 264 420 
1 37 177 186 220 379 405 
24 52 138 184 325 452 802 1110 
210 311 335 605 716 1088 1234 
3 40 45 190 603 629 1241 
361 430 479 803 1074 1090 1157 
14 18 49 122 186 231 963 
22 77 143 163 350 380 1282 
37 193 214 309 960 961 1131 
22 83 200 249 715 726 804 913 
166 169 197 403 484 930 939 
72 76 115 149 486 502 597 685 
7 89 130 570 622 793 930 
4 10 15 70 128 711 824 
1 4 10 175 376 729 
23 267 323 600 1058 1124 1138 
19 32 221 283 460 650 1093 
18 90 107 600 635 982 1030 
1 16 86 142 213 987 1042 1064 
3 10 83 207 1090 1091 1257 
3 54 202 228 349 398 555 
4 55 149 165 326 327 1078 1609 2035 
17 27 58 543 599 659 1175 
1 6 93 288 379 468 642 1028 
228 292 320 424 585 789 1041 
68 120 354 524 555 564 1058 
7 59 214 238 731 808 875 1818 
83 109 381 424 644 725 1098 1832 
344 360 483 612 882 922 1257 1882 
1 9 19 210 462 530 1151 
7 10 125 170 550 806 1003 
3 90 425 631 647 805 1071 
19 232 272 574 863 920 1037 
15 42 246 289 397 679 940 1381 
229 388 505 527 762 978 1005 1547 
3 33 96 176 439 935 1216 
59 210 328 358 384 469 704 
80 123 410 491 646 788 809 
188 209 236 401 468 1200 1294 
1 59 484 567 772 888 1047 
4 96 147 257 309 1242 1271 1535 
32 112 208 351 851 983 1283 
143 300 383 495 863 1132 1316 
1 2 25 114 119 518 
5 16 19 64 109 187 377 1162 
1 21 314 378 565 1017 1055 
2 223 243 269 362 1085 1125 
1 99 300 544 600 748 757 
147 457 678 872 1019 1241 
4 15 30 35 217 1119 1223 1791 
19 138 192 292 313 876 1191 1281 
7 35 38 306 328 483 1084 
66 81 128 327 328 332 498 550 
3 210 227 431 472 521 693 1846 
23 98 142 283 373 791 891 
7 102 133 186 514 791 832 
19 50 388 542 932 943 996 
25 110 182 333 399 1016 1269 2048 
86 145 201 541 717 770 1264 
2 8 93 108 141 180 1059 
7 93 174 194 402 1026 1172 
128 164 224 279 349 620 835 
16 136 508 675 763 778 839 1741 
25 51 105 202 490 601 838 
10 30 126 188 412 540 569 
10 153 431 498 527 635 1232 
8 114 142 456 1030 1227 1334 
5 184 216 584 637 754 1308 
16 107 187 290 328 1039 1133 
2 225 333 884 1078 1118 1135 
62 243 513 514 736 811 900 1375 1897 
2 42 164 198 225 361 1324 1431 
14 38 66 228 328 842 1105 
30 123 774 790 856 888 1138 
7 99 133 144 151 1086 1094 1104 1554 
1 10 23 51 881 893 1340 1928 
85 249 380 620 647 817 939 
70 113 501 721 936 1010 1012 
1 93 106 182 205 266 385 
100 167 309 436 774 805 1004 1162 
1 32 135 214 737 1287 1332 
10 142 289 382 496 605 631 
3 155 161 173 829 887 1176 
5 70 360 494 1036 1125 1282 
18 66 208 394 705 1023 1326 
69 484 857 1090 1114 1255 1308 
68 121 172 329 454 554 794 
1 169 192 487 596 614 726 
61 80 385 510 587 747 960 
21 78 365 530 855 857 1087 1736 
1 2 14 104 161 388 
102 124 274 304 616 1290 
33 234 274 311 422 436 580 765 
76 193 366 569 1005 1090 1285 
3 16 138 412 507 650 1342 1841 
171 212 452 536 711 768 812 
10 155 404 567 595 632 1270 1768 
10 18 37 49 50 136 1307 
4 111 253 695 961 1012 1175 
34 69 194 467 749 917 1018 
130 175 232 401 631 681 936 1256 
1 11 160 331 613 856 1980 
14 55 178 418 646 655 1123 
36 69 112 192 336 418 505 
1 7 245 306 563 1164 1184 1572 
8 102 188 443 587 717 1349 
1 3 51 81 354 580 1202 
101 113 226 367 506 1253 1296 1657 
264 298 309 474 523 575 763 862 1436 
3 33 70 118 633 713 1284 
1 15 81 181 518 771 1294 1950 
90 233 260 296 365 727 800 
10 81 182 459 492 1118 1203 
60 228 362 464 545 806 889 
37 249 478 574 753 803 965 
79 102 318 489 627 670 1339 
42 228 275 464 715 898 1294 1359 1710 
56 128 359 607 829 935 984 
1 3 58 81 592 1125 1365 
1 10 14 268 469 631 980 1855 
3 269 341 394 445 475 872 
3 30 59 188 687 713 732 
1 3 55 80 307 1235 
4 6 27 67 70 767 909 
3 16 34 345 357 361 820 1502 
99 115 144 516 747 904 1345 
74 217 233 425 560 652 897 
1 39 70 155 172 548 765 
123 170 279 320 775 1247 1278 
14 143 201 316 345 877 1310 
17 21 359 898 943 1336 1367 
152 715 932 956 1085 1211 1385 1400 
1 3 15 55 430 527 1041 
1 3 24 383 585 622 1270 
30 149 748 851 941 1076 1083 
21 272 455 658 901 1253 1343 
1 29 140 321 500 786 1079 2001 
42 56 181 290 975 1122 1176 
222 811 835 855 1202 1337 1368 
124 312 421 523 529 845 1278 
1 34 353 548 560 994 1330 1466 
82 154 471 724 890 1155 1172 
36 227 330 649 934 1211 1313 
16 37 54 106 229 264 900 2031 
228 288 595 877 1153 1304 1328 1788 
3 62 124 162 427 822 1010 
22 55 139 188 213 733 1063 1415 
88 111 213 331 350 536 1057 
21 125 288 440 861 1235 1359 
50 93 141 563 630 767 1030 1512 
7 55 327 568 910 1005 1070 1395 1943 
11 26 39 97 587 806 1307 
147 163 275 584 1012 1020 1218 
13 38 66 222 486 504 1039 
1 4 45 46 104 320 962 
1 226 270 687 696 894 1156 
3 33 96 188 279 839 1397 
15 24 30 99 138 535 655 1437 
1 144 661 788 852 993 1185 
13 28 158 228 595 932 935 
9 551 595 726 998 1166 1321 1344 
23 146 368 564 1089 1118 1344 
124 178 467 605 641 920 1146 1684 
39 83 218 283 309 628 834 
1 167 1058 1134 1210 1370 1398 
41 57 477 890 947 971 989 1015 
17 224 376 435 813 901 1052 
18 19 79 207 216 254 791 1236 1544 
23 71 154 542 1021 1089 1187 
3 37 87 926 1290 1361 1585 
44 374 587 618 723 756 802 
14 71 344 362 619 1257 
99 108 338 705 764 890 993 
1 56 67 159 1110 1172 1220 1713 
2 7 54 316 321 873 962 1848 
3 105 139 280 529 763 1308 
57 104 159 377 401 712 1434 1493 
10 193 256 412 612 920 1052 
3 26 114 445 455 1127 1431 
7 118 439 800 961 966 1056 
57 345 346 364 538 678 748 
3 4 25 94 120 203 288 
13 142 145 160 521 610 1303 
13 79 617 961 972 982 1289 
70 105 139 292 768 1272 1284 
1 178 411 523 765 972 1024 
2 109 113 144 1186 1199 1444 
435 519 612 678 1194 1366 1460 
16 96 114 569 742 1293 1297 
22 82 90 405 469 470 590 
3 30 66 112 584 640 850 893 
3 7 17 26 32 565 1164 
2 264 729 730 860 882 993 
1 2 25 131 785 892 1271 1398 
3 80 277 333 573 1162 1460 
3 15 154 155 646 878 1469 
19 50 857 941 1016 1065 1397 
3 8 29 147 326 390 632 1097 1841 
25 169 176 472 1210 1355 1405 
20 27 66 646 923 1244 1396 1741 
12 45 50 99 264 347 499 
1 21 47 180 272 718 1382 1910 
1 269 895 925 1133 1167 1336 
10 26 157 235 556 1140 1228 
37 227 496 498 604 608 905 2031 
2 80 243 408 1012 1109 1151 
3 7 418 836 1005 1348 1409 1652 
1 127 136 806 897 985 1404 
30 58 136 193 270 816 1029 
8 69 102 130 311 361 677 
29 62 92 211 498 767 1234 
8 12 22 118 129 615 981 1347 
38 169 616 685 746 1127 1347 
1 36 142 233 399 917 1153 
7 379 681 787 871 894 1370 
10 13 152 251 413 488 1351 1880 
2 57 102 343 383 1091 1199 
184 221 405 595 611 1051 1413 
75 76 315 347 625 859 1212 
2 115 139 1044 1077 1112 
3 9 805 814 854 1312 1378 
59 245 375 475 694 1031 1080 2000 
3 38 152 218 444 930 1447 
1 15 17 486 518 610 1477 
51 57 113 741 936 1257 1339 
49 171 305 427 455 576 1385 
145 250 389 639 754 969 1307 
27 134 658 974 1036 1110 1259 1411 1642 
7 101 178 281 665 946 1176 1796 
11 20 212 303 362 958 1244 1841 1877 
2 29 92 102 205 480 1263 
138 241 242 520 708 741 1368 
138 146 174 221 240 451 843 
199 269 338 543 732 840 1277 
11 40 214 216 648 987 1019 1796 
3 36 167 209 450 954 1107 
3 7 42 195 332 333 690 1470 1902 
112 466 863 905 931 1076 1229 1952 
60 207 320 667 836 1073 1145 1767 
22 43 59 92 578 972 1087 
60 222 258 367 775 1185 1419 
1 26 54 214 841 1007 1467 
28 29 114 405 648 667 698 
3 4 24 58 282 478 1455 
2 108 321 861 1018 1087 1383 
17 170 182 285 377 889 964 1194 
74 226 281 645 806 1296 1454 2021 
11 54 181 220 228 238 870 1165 
3 7 10 196 282 316 474 1713 
61 96 188 218 529 710 1226 
3 19 68 331 700 838 1025 
3 7 102 397 805 860 1217 
32 377 404 551 1152 1218 1425 
2 7 12 242 498 1443 1487 
9 118 148 820 999 1072 1440 
23 220 230 644 858 927 1315 
1 137 314 364 380 780 1077 
1 3 39 222 931 977 1270 
21 29 402 443 723 1134 1463 
1 45 129 141 275 506 894 
62 118 146 174 180 776 920 1514 
9 37 204 344 440 558 1032 
8 23 58 422 655 1190 1370 
2 36 70 159 368 627 819 
10 343 344 414 496 622 649 
2 5 14 85 1019 1099 1407 
3 7 9 342 709 748 1248 1534 
21 267 751 1185 1275 1366 1413 
1 26 132 449 591 1219 1375 
2 42 353 392 537 663 1083 1790 1872 
49 177 271 424 440 632 1257 
24 62 113 656 829 902 1244 1471 
21 36 194 482 505 830 1035 1162 
3 64 390 468 597 725 1068 
3 10 44 56 128 840 1263 
3 234 427 661 1179 1210 1358 1701 
3 116 140 202 395 399 1119 
108 297 534 956 1004 1186 1467 1977 
9 24 102 126 357 803 1253 
126 257 281 666 784 849 1129 1141 
2 21 34 212 628 1116 1402 
34 65 124 279 637 858 1114 
2 29 33 177 377 495 897 
323 565 649 732 880 959 975 
1 496 662 827 922 1190 1258 
1 14 37 184 851 1424 
4 110 262 357 565 625 861 
6 172 186 216 377 668 1037 1930 
1 3 220 473 607 1140 1144 
4 120 123 235 345 389 431 1094 
118 246 264 361 920 1032 1141 1329 
35 461 636 716 1240 1380 1491 
4 6 17 610 616 782 
181 207 280 336 748 1288 1292 
1 85 96 118 230 1139 1212 1245 1383 
24 27 101 352 776 828 838 1581 
43 160 185 394 563 675 705 
2 152 1120 1210 1354 1376 1476 
7 105 191 765 828 1253 1292 
19 346 496 1088 1202 1223 1258 
3 119 330 345 563 629 745 
236 268 350 757 1105 1311 1362 1885 
1 4 20 49 118 303 538 902 
1 224 276 315 421 756 944 
17 118 228 274 695 836 868 
59 119 179 416 794 961 1455 
3 69 410 544 737 848 981 1458 
3 35 103 364 803 870 1254 1804 
3 229 334 919 963 1446 1529 
47 118 162 511 545 668 1151 
42 79 144 256 442 887 1147 1545 
3 79 139 771 845 925 1123 1183 1520 
1 26 152 184 340 1008 1526 
36 381 626 851 1080 1296 1511 
21 71 253 669 860 1179 1495 
21 38 67 120 272 718 824 
1 48 93 532 587 925 1130 1547 
43 49 508 965 1195 1528 1542 2009 
15 45 196 271 669 1128 1300 
51 146 165 175 292 435 892 
5 72 111 120 434 600 797 1045 
192 214 260 372 660 851 1389 
2 127 136 833 1144 1302 1312 1561 
23 42 317 520 1001 1270 1367 
1 77 178 301 718 973 1365 
10 53 118 1163 1278 1484 1529 
39 159 234 317 919 1003 1132 
1 8 51 71 356 527 1470 
14 41 853 1209 1289 1494 1601 1687 1868 
7 26 118 205 843 892 1393 
8 81 106 206 423 617 1369 1935 
24 89 144 371 377 1316 1515 1850 1992 
16 55 64 106 283 305 682 
20 80 197 307 813 1212 1353 
4 14 68 346 386 614 982 
3 106 124 125 223 1042 1489 
8 82 245 471 1128 1186 1553 
43 50 491 615 743 1006 1561 
29 243 608 612 1118 1403 1515 1696 
19 36 333 594 659 882 956 1866 
15 45 327 367 470 501 1428 
224 665 1013 1041 1478 1575 1598 
14 26 41 586 752 864 999 1804 1846 
365 378 428 598 616 1151 1552 
63 86 391 548 704 1195 1490 
104 256 307 340 1342 1434 1562 1876 
2 33 701 803 869 992 1254 
4 65 124 346 385 442 709 
27 42 88 92 422 1372 1477 1561 
29 56 57 135 461 586 606 
9 27 37 208 449 557 568 
14 23 74 253 357 1182 1414 
6 63 173 196 426 969 1445 
28 61 247 306 346 724 1629 1804 
334 492 728 771 887 941 1005 
18 114 440 551 618 1065 1289 
4 266 326 447 798 954 1476 1625 1836 
425 450 474 567 1153 1189 1559 
37 48 281 406 459 646 1012 
3 139 176 307 311 391 408 
164 309 356 438 487 1036 1565 1634 
14 23 74 109 412 624 666 
84 211 229 580 656 715 817 
140 149 225 771 963 1426 1557 
19 23 77 108 321 551 1305 1438 
204 383 426 751 801 911 1342 
3 14 767 818 1485 1571 1629 
30 408 410 449 602 1249 1355 
1 9 23 118 350 925 1589 
2 50 304 710 1172 1265 1275 
3 99 225 509 798 1282 1523 
3 7 36 196 291 357 1442 1585 
144 378 436 675 987 1080 1253 
3 29 34 320 407 485 1578 
290 437 589 1379 1447 1587 1613 
1 43 53 253 979 1234 1572 
2 3 196 329 407 954 1512 
79 467 936 1049 1118 1311 1588 1840 
7 9 86 285 843 1102 1127 
1 35 245 378 391 1255 
114 183 422 479 706 875 1174 1984 
3 192 234 267 558 645 993 
7 128 181 472 614 1508 1595 1628 
90 343 458 632 725 1020 1114 2030 
4 30 216 542 587 1000 1393 
3 81 185 319 556 860 1353 
20 80 107 174 658 883 1097 
187 223 505 521 1038 1294 1412 
2 139 349 723 1028 1322 1396 1536 1655 
4 53 291 521 669 686 734 
79 113 321 352 482 906 1248 1583 
26 138 231 251 281 1183 1258 1382 
3 20 53 69 147 425 1455 
3 9 42 240 283 799 952 
42 77 250 640 669 990 1108 1419 1545 
8 10 192 501 650 719 1010 1463 
173 200 217 455 887 1067 1146 
2 101 224 406 460 523 778 
10 23 528 533 608 738 1534 
1 7 12 24 119 185 1670 
1 30 131 158 317 820 1654 
1 167 363 623 647 1084 1582 
92 144 446 611 1301 1407 1607 
23 94 170 280 379 1010 1138 
1 37 56 198 427 510 1478 
122 123 146 588 1130 1302 1456 
1 32 271 368 467 593 851 
22 193 428 851 980 1206 1299 
3 12 14 17 47 432 566 
1 78 220 489 832 1380 1553 1767 
14 78 521 559 594 598 1167 1587 
1 31 93 288 640 1280 1432 
3 176 618 870 1172 1437 1458 1676 1804 
288 326 960 1222 1530 1577 1636 
29 61 66 588 739 940 1049 
1 2 79 89 104 522 725 
4 46 96 386 864 993 1073 1208 
23 55 400 816 952 1012 1569 
21 139 540 688 1040 1233 1336 1379 
4 26 40 142 265 355 693 
32 86 104 112 257 722 733 
10 112 336 909 922 1316 
3 23 84 176 200 237 804 
259 521 649 1068 1116 1407 1418 1578 
326 588 593 966 1227 1320 1695 1710 2048 
163 198 263 320 728 892 1322 1902 
25 76 108 263 577 745 1642 
8 11 58 59 173 225 1329 
1 22 743 1103 1264 1354 1547 
14 84 314 735 1486 1593 1659 
21 605 618 699 766 787 1507 
8 207 591 725 864 947 1156 
60 70 107 318 1230 1338 1433 
1 3 172 495 789 791 891 
118 235 266 273 344 1063 1087 
24 107 114 1281 1290 1309 1362 1850 
3 250 273 362 420 557 914 
154 402 664 693 771 1047 1512 
58 133 184 509 569 624 938 
70 106 877 1056 1106 1403 1565 
10 15 69 277 931 1467 1672 
70 372 446 520 1251 1466 1672 
24 133 154 459 800 1115 1157 1355 
1 99 571 722 1344 1411 1540 1619 1950 
64 467 551 695 1087 1463 1549 
1 48 463 627 631 678 839 1110 
1 2 3 86 564 1332 
1 11 309 374 557 769 1419 
41 144 437 514 1390 1467 1479 
1 4 87 152 249 347 1020 
9 11 13 19 25 103 582 
1 18 99 662 677 969 1635 
2 16 82 95 911 1029 1217 
3 33 85 108 207 821 1432 
2 3 101 309 367 698 1475 1692 
55 57 80 210 236 570 744 
1 2 12 214 668 810 860 
41 58 125 162 199 523 1458 
7 10 37 118 158 1515 1717 
10 181 190 469 659 1095 1990 
2 3 7 139 396 633 657 
8 34 351 607 611 1112 1467 
1 19 202 298 960 987 1324 1899 
92 99 141 572 658 1014 1128 1783 
10 19 73 199 594 618 1323 
3 21 59 193 213 228 444 2017 
2 33 76 1004 1045 1568 1689 
192 202 280 805 951 1087 1170 1406 1915 
378 497 550 685 956 1101 1309 1432 
80 464 820 883 948 954 1466 1663 
10 193 768 1114 1115 1183 1356 
102 106 187 235 249 1426 1432 
43 181 391 393 600 1344 1690 
1 49 67 709 799 985 1605 
8 29 526 616 1253 1456 1638 
12 15 27 139 204 1054 
3 20 55 298 472 683 1348 
4 8 100 150 289 978 1752 
33 164 177 350 492 698 725 971 1708 
62 151 630 773 933 1178 1615 
109 113 254 311 592 944 1361 
54 184 320 673 923 967 987 1832 
7 266 543 654 1207 1601 1662 
118 355 542 904 1347 1366 1750 
131 167 362 589 607 774 1167 2000 
36 243 476 900 971 1583 1720 
93 189 306 530 672 1069 1302 1366 
253 446 710 1109 1113 1556 1599 
39 112 139 148 373 969 1579 
1 12 23 91 147 244 692 
29 111 190 372 604 1382 1609 
72 89 128 135 184 223 1692 
216 291 393 918 1104 1394 1568 1626 
94 249 367 723 1110 1258 1548 
3 12 51 117 521 833 855 
5 70 96 163 447 761 1702 
81 477 538 948 1328 1419 1515 
24 33 78 96 118 486 1087 1733 
49 159 653 661 1101 1524 1758 
1 139 143 383 656 1092 1414 
1 3 33 66 492 951 1157 1955 
32 143 565 589 1047 1206 1296 
23 40 100 736 742 756 1299 
3 13 20 24 532 987 1466 
3 203 560 688 1252 1624 1739 
1 469 661 694 987 1051 1511 1619 
191 243 311 484 557 733 1041 
8 401 1062 1213 1245 1460 1610 
2 20 21 38 386 773 1279 1668 1723 
92 607 906 1379 1449 1734 1774 
14 34 126 300 843 1134 1138 1631 
24 91 167 273 325 570 1140 1893 
101 145 307 1172 1411 1568 1673 1762 
42 401 723 1162 1332 1393 1762 
3 84 199 247 360 1421 1711 1955 
17 19 178 240 877 960 1596 
155 236 339 945 1010 1129 1156 
1 3 124 202 559 832 1499 
25 154 162 184 252 602 1338 1797 
10 215 263 912 1031 1152 1430 1518 
89 251 826 911 993 1088 1698 
2 81 229 295 710 1428 1753 
39 153 202 239 640 818 1002 1438 
62 172 245 292 498 1108 1569 2021 
194 341 537 837 1477 1498 1536 1681 1755 
1 3 7 129 133 233 1474 1623 
14 42 78 1079 1397 1637 1744 
393 470 850 1460 1688 1705 1731 
16 136 292 405 646 1092 1449 
358 459 511 555 607 744 1256 1262 
8 185 396 530 914 1065 1655 
1 289 600 708 764 1367 
3 30 66 974 1677 1709 1738 
43 81 85 165 174 824 1457 1692 
126 157 372 386 406 1597 1742 
16 63 173 578 1072 1074 1611 2044 
9 53 81 575 746 763 1225 
3 158 225 329 398 1005 1150 1617 
1 41 236 987 1299 1760 
2 208 514 692 755 991 1678 
13 20 102 437 533 600 830 1027 
91 108 193 230 291 474 816 
4 29 116 188 500 516 692 
81 127 423 451 1488 1739 1773 
39 179 184 451 727 1204 1607 
21 106 139 147 394 1042 1552 
3 33 99 351 495 655 1660 
3 4 7 12 602 843 1321 
32 42 157 434 520 1088 1695 1991 
18 226 331 335 999 1568 1578 
256 309 318 427 741 759 1137 
124 337 463 489 623 1598 1753 
2 85 347 639 752 759 1544 
10 56 92 131 153 211 948 2042 
1 3 63 445 917 1264 1568 
52 120 254 605 767 1503 1518 
4 634 742 764 1159 1227 1471 1517 1966 
16 127 328 416 644 1197 1630 1810 1906 
2 63 93 623 652 1165 1490 
77 143 340 612 863 1113 1326 1644 
10 33 175 419 607 1653 1726 
3 112 124 320 364 599 1387 
6 54 145 160 183 1133 1344 
1 359 394 835 1526 1604 1631 1668 
4 69 214 326 389 470 1272 
12 101 244 395 567 611 775 1603 
7 110 144 372 567 577 587 
15 42 83 470 631 1565 1805 
79 164 284 358 1033 1044 1048 
1 13 85 229 253 259 275 
9 516 682 744 875 1312 
21 37 68 110 542 1306 1625 
53 57 120 231 484 1300 1441 
96 133 159 418 830 863 1371 
37 512 634 672 1163 1624 1805 
2 15 29 309 907 1301 1582 1587 
3 10 136 237 451 601 894 1442 
253 364 492 842 1034 1071 1190 
3 73 213 457 1138 1182 1766 
243 316 351 576 1252 1438 1715 1788 
56 65 79 187 191 346 709 1192 
1 63 145 195 473 1206 
3 29 30 726 1272 1685 1816 
4 14 24 113 398 451 676 
84 978 1041 1127 1219 1224 1394 
53 74 115 201 210 734 1716 
63 457 490 687 712 1179 1749 1898 
16 133 440 470 689 700 864 
3 7 50 726 863 953 1412 1600 1815 
3 152 291 311 350 676 1366 
128 346 437 492 550 576 1269 1682 
1 52 411 508 816 1802 1854 
42 333 582 741 781 846 1425 
70 135 399 413 1070 1255 1558 
1 10 73 241 483 979 
1 104 396 554 748 1467 1573 
49 70 453 606 1132 1718 1790 1841 2031 
16 119 542 1105 1126 1502 1643 
1 121 126 235 319 1609 1806 
165 272 413 438 456 1055 1603 
267 456 461 496 586 1681 1843 
1 34 82 114 960 1607 1612 
3 319 670 693 1011 1451 1854 1992 
133 248 542 782 1476 1517 1838 
57 408 483 644 810 951 1251 1417 
91 119 129 249 499 869 1749 
3 24 179 288 792 1259 1553 
114 164 191 700 888 1051 1849 
1 558 1023 1056 1093 1158 1439 
19 69 70 266 288 1113 1319 
1 22 238 455 469 510 1292 
1 167 173 317 383 763 1838 
36 52 106 117 662 887 1831 
2 125 683 822 1394 1655 1761 1837 
1 3 22 654 959 1047 
14 118 505 841 1061 1443 1885 
118 163 470 777 890 891 1858 
42 154 161 470 552 554 967 1493 
13 85 98 818 952 1350 1446 1525 1529 
197 210 937 1027 1040 1617 1873 1961 
63 65 168 425 893 1029 1284 
166 220 748 775 1123 1292 1410 
35 54 444 501 608 860 1210 
39 237 252 516 663 1712 1763 
262 274 409 484 490 581 891 
21 31 32 38 134 176 1598 1875 
88 231 534 580 773 1364 1427 
2 28 51 70 148 159 616 
9 19 142 185 281 948 1351 
17 30 45 164 329 1736 1850 1858 
2 112 606 876 1263 1357 1685 1765 1922 
20 37 337 466 516 520 750 
124 221 661 905 1359 1669 1764 1867 
44 60 128 276 565 786 798 
44 82 211 226 248 541 1218 1992 
79 86 105 254 355 831 1591 
3 47 120 204 755 888 1617 
158 230 602 851 1014 1200 1642 1815 1929 
59 131 394 804 891 1342 1396 
71 105 392 981 984 1251 1303 
32 228 307 423 662 712 1170 
97 177 707 768 1010 1277 1622 
119 129 754 825 881 1070 1919 
37 154 558 923 1026 1143 1250 1850 
3 25 73 654 783 1180 1821 
40 60 109 142 570 921 1237 1307 2017 
3 12 193 526 814 1176 1725 
1 95 178 183 523 1301 1923 
1 29 305 1067 1080 1098 1122 
25 73 83 241 488 1673 1870 
53 835 881 1118 1255 1505 1775 
23 98 178 220 257 363 779 1169 
12 37 399 920 1005 1057 1087 
3 27 304 311 1205 1361 1638 
89 127 968 1215 1373 1419 1705 
10 128 183 528 1159 1576 1822 
88 92 189 249 534 1049 1115 
3 97 179 258 824 1379 1649 
192 290 318 408 508 1097 1151 
14 59 391 814 998 1114 1186 
20 206 425 435 484 866 1035 1720 
55 145 309 377 865 1455 1580 
362 366 897 908 1098 1345 1614 
90 508 632 674 999 1308 1400 
82 114 289 769 789 1205 1736 
32 208 278 472 489 705 1676 
245 592 657 705 872 1212 1777 1853 
271 296 395 441 1537 1551 1816 
69 205 386 443 648 1660 1735 
45 57 340 424 479 695 1513 
14 309 647 655 948 972 1403 1994 
7 142 354 808 1411 1662 1761 
14 79 366 663 723 1249 1255 
34 52 222 249 888 1410 1905 
253 304 347 647 1208 1240 1400 1727 
7 21 35 660 669 1009 1245 
2 22 97 133 318 862 975 
144 366 738 993 1144 1614 1812 
20 26 109 801 896 1626 1827 
19 21 47 60 234 900 1226 1639 
57 82 169 261 459 1120 1706 
30 214 748 829 1078 1171 1558 1870 
19 188 229 242 1046 1290 1682 
16 54 125 166 257 447 901 1890 
19 23 25 259 273 314 396 
5 20 163 399 851 966 969 
106 109 460 463 709 1531 1959 
114 266 272 484 676 836 1677 
37 114 163 248 902 1519 1809 
7 90 506 574 1114 1374 1742 
26 218 300 1068 1107 1558 1760 
89 129 212 647 719 930 1192 1370 
1 60 70 153 483 935 1475 
3 26 508 825 858 1181 1970 
43 51 368 562 816 1328 1455 
38 84 151 212 226 530 761 1830 
86 156 158 264 746 1225 1419 
1 99 108 361 675 1100 1200 
1 3 69 301 427 432 851 
59 133 192 415 697 1544 1635 
42 133 158 329 450 471 1292 
341 387 565 581 728 1480 1881 
274 463 830 984 1621 1654 1830 1888 
9 124 602 697 948 1264 1341 
1 7 180 306 437 820 1034 1317 
71 184 378 436 590 654 1725 
113 124 185 271 757 1670 1968 
3 5 84 201 211 798 1110 
1 14 214 561 772 869 1009 1715 
128 202 221 268 321 677 1882 
13 27 221 474 1346 1518 1679 
60 114 202 336 780 1594 
742 810 1019 1095 1250 1375 1819 1857 
32 247 421 477 687 1511 1700 
111 119 503 723 1266 1427 1735 
1 3 4 253 612 974 1427 
93 214 1058 1195 1486 1506 1916 2009 
3 59 89 367 648 851 958 1092 
1 7 154 183 862 1088 1091 
119 178 234 430 864 1271 1737 
32 181 184 280 439 645 1485 
2 80 220 984 1601 1829 
3 10 77 84 242 332 358 1989 
11 163 269 398 675 942 1531 
37 333 364 584 720 1432 1458 
148 196 653 689 877 1690 1700 1859 
77 210 300 605 621 687 870 
2 5 21 350 702 852 1271 1353 
1 371 384 388 996 
93 325 556 680 890 993 1323 1883 
46 188 205 614 940 1491 1503 
177 483 553 600 754 930 1461 1659 
1 163 268 498 631 668 864 1767 1943 
1 273 558 931 1652 1840 1895 1948 
15 302 503 1221 1568 1948 2006 
7 31 106 329 372 846 1433 
1 3 58 59 105 874 1233 
262 595 691 1071 1651 1659 1757 
1 3 73 190 882 1313 1694 
90 93 106 203 648 937 1014 2031 
17 585 719 859 1172 1309 1464 
7 39 538 1184 1342 1358 1549 1669 1713 
1 5 22 24 594 631 932 
21 74 530 692 843 1794 1996 
23 32 225 692 786 1372 1555 
3 7 51 408 439 823 1299 1943 
92 243 469 499 646 882 1368 2023 
1 27 28 152 582 771 808 
28 184 1065 1120 1247 1506 1521 1827 
26 134 177 241 993 1229 1283 
3 17 74 838 1540 1780 1901 
170 214 351 668 861 1336 1364 
1 70 300 713 872 1243 1485 
3 7 15 19 412 946 1987 2012 
3 7 439 676 694 922 1636 
3 263 536 657 1103 1555 1896 
3 268 655 1033 1231 1782 1975 
21 90 108 133 1033 1261 1374 1417 
29 176 574 706 1274 1364 1729 
184 815 863 934 1048 1130 1926 1977 
2 42 194 775 1044 1455 1502 
1 43 98 522 658 1283 1696 
3 10 214 332 351 681 1217 1816 2020 
5 19 114 481 1284 1377 1823 
85 129 188 549 1167 1267 1667 
15 225 455 980 996 1763 1852 
399 788 813 835 910 1115 1770 1961 
368 403 564 1063 1110 1119 1688 
1 166 199 981 1540 1749 2026 
3 10 306 964 1661 1662 1829 
14 150 271 763 788 1368 1416 1761 
