2048 11098 0

1 
1 2 
1 3 
1 2 921 
1 2 3 4 1881 
1 3 1156 
1 2 3 6 
1 5 7 1761 
1 2 7 8 356 1543 
1 2 3 5 
1 2 3 7 8 
1 2 5 8 1204 
1 3 5 11 
2 7 8 12 706 
1 7 843 
1 5 6 7 8 
1 3 9 
3 4 7 15 
1 5 8 1188 
1 2 3 4 5 
1 11 16 17 19 1705 
1 8 11 19 22 
1 2 3 21 
1 5 7 13 1252 1374 
11 13 20 21 22 887 1288 1567 
8 11 13 
1 2 14 19 
2 4 7 8 16 
1 6 12 24 
5 6 9 24 27 
1 8 11 
1 2 15 16 1215 
11 16 20 29 32 
16 21 29 31 1382 
3 5 8 10 25 1306 
1 10 21 24 26 718 772 
21 22 32 34 
1 17 19 1086 
8 17 19 28 29 409 995 1373 1552 
1 2 9 18 37 1173 
5 11 19 20 
1 13 15 24 31 1694 
1 7 11 26 574 
2 7 9 13 19 1248 1792 
1 15 36 37 
2 8 22 34 36 
8 15 23 42 46 337 
1 14 20 23 42 353 
1 8 19 22 
1 4 6 9 44 1666 
1 11 22 32 46 1239 
4 11 13 15 49 1069 
1 7 41 45 49 177 
2 32 40 48 1052 
1 7 8 21 44 1969 
1 11 20 29 
8 19 23 27 32 
1 5 8 9 22 672 
1 3 9 22 42 
1 19 30 43 
2 3 18 49 359 513 
1 5 21 27 53 
1 14 19 27 
1 9 33 55 
11 14 19 47 
11 14 18 29 46 
1 2 9 31 38 
2 7 12 19 47 
1 6 39 69 1894 
5 15 41 49 53 194 1763 
1 7 8 33 165 1844 
1 3 43 49 54 
1 8 13 18 73 
15 30 49 66 
15 22 24 29 46 1017 
3 12 27 29 45 1118 
1 21 43 
6 10 14 30 36 
1 5 32 58 
2 11 19 24 34 
7 9 25 50 65 
1 5 43 55 58 
2 7 25 47 50 
5 24 64 66 
1 33 40 42 81 
1 14 15 39 666 
7 11 45 79 
1 21 24 44 417 710 
4 12 24 54 2035 
3 6 23 45 89 1245 
1 5 50 89 
9 46 55 77 86 
1 11 12 13 23 
1 11 72 76 90 
31 57 61 76 85 442 831 
2 3 39 70 81 156 
7 8 22 29 81 
11 12 24 52 67 
3 12 32 66 77 1993 
1 8 14 32 48 
1 2 47 62 70 210 
19 33 36 89 101 
2 16 57 65 83 
4 18 47 53 95 
1 9 26 59 61 
20 47 55 68 104 1784 
1 3 11 37 81 
7 9 19 22 104 1979 
2 46 62 83 95 
1 11 17 37 
1 29 49 54 55 
11 23 39 50 103 595 1756 
11 20 40 89 111 
3 24 96 146 
9 26 54 87 105 578 
3 7 11 31 116 
2 19 92 117 514 959 
1 19 22 44 94 
9 24 63 70 100 
6 17 65 98 119 
7 24 29 37 119 
4 23 40 106 
1 24 78 79 98 1185 1760 
7 8 80 92 105 1540 
1 2 32 97 104 317 
1 83 108 110 119 
5 12 15 23 55 200 
3 36 37 48 1156 
2 12 29 31 33 1915 
15 29 68 90 97 
1 2 62 89 
1 8 22 100 118 
18 19 58 62 65 2046 
59 73 79 92 127 
12 49 50 123 129 
1 20 23 59 446 
46 51 53 95 131 
2 20 22 31 84 966 
19 24 54 77 81 
1 2 3 14 41 84 
1 5 17 19 129 
8 33 81 114 121 
2 5 9 62 83 480 
21 55 61 91 120 
1 22 44 102 
1 30 35 55 56 
1 34 86 90 106 
21 117 119 126 138 
11 36 41 117 141 
9 19 21 24 124 
46 47 63 119 151 1697 
1 41 42 76 
8 35 99 115 123 
15 35 58 61 112 
55 119 120 122 130 
6 23 61 63 85 
16 19 27 35 65 1586 1967 
6 69 82 90 141 1420 
22 30 53 61 121 
1 3 58 86 87 1914 
11 13 15 56 100 
1 18 22 136 
9 13 39 75 76 
14 46 58 72 94 
2 3 13 15 
3 31 128 133 151 880 1579 
1 10 28 64 111 
1 32 61 77 153 
24 47 73 109 2043 
2 4 62 90 130 390 495 
7 19 50 93 162 1373 1500 
50 66 73 86 125 
33 61 66 67 83 284 
1 7 16 47 161 657 1122 
7 74 101 105 136 1624 
9 17 19 61 157 
8 17 62 84 96 
3 5 27 90 1464 
1 100 105 124 136 
1 16 39 92 105 
6 18 20 25 55 
9 24 54 142 170 
11 18 32 48 59 
1 24 29 46 110 1852 
52 55 86 104 114 1917 
1 2 21 116 127 491 1343 
11 32 81 87 155 
3 7 22 39 186 
19 25 85 114 
18 61 146 170 177 
1 16 22 151 975 
11 15 19 58 66 
8 20 46 63 93 
22 23 53 87 113 1462 
38 53 93 94 135 
1 7 11 47 176 
4 7 8 9 27 
4 6 18 30 
1 36 100 106 123 1229 
7 19 39 86 
4 9 22 42 49 954 
9 21 47 65 77 
7 18 42 46 122 
4 6 75 91 187 1496 
1 11 18 22 65 
1 14 22 24 168 
44 50 58 116 171 1232 
9 11 48 60 203 463 
9 106 129 132 193 
2 15 22 142 145 927 
14 28 91 132 193 
5 15 47 170 178 
13 20 41 72 146 
2 6 31 55 100 419 707 1013 1377 
1 44 76 186 203 
2 3 42 53 77 1122 1239 
14 41 75 80 1034 
11 15 19 25 44 
14 43 48 188 194 1785 
8 15 43 48 106 128 
1 24 29 54 221 286 
8 41 63 88 
1 30 62 90 1115 1876 2008 2032 
1 16 30 56 137 
2 25 81 156 192 911 
7 27 45 85 122 856 
20 66 88 162 174 
22 80 105 135 198 
9 18 113 165 167 
1 33 53 148 
1 48 100 185 208 
13 19 38 70 1739 
42 122 138 142 219 890 971 
1 39 134 153 203 407 
14 76 101 114 199 
46 85 101 171 224 
2 11 18 76 110 
7 66 105 139 193 
2 19 33 74 103 1142 
9 22 38 39 143 
1 18 114 134 176 1093 
1 24 99 110 241 1684 1999 
14 49 116 129 188 363 
1 96 139 161 205 
11 23 137 146 186 445 1187 
44 46 101 171 198 
1 4 9 10 241 1543 
1 19 29 50 76 1719 
1 90 135 173 249 1698 1916 
22 159 162 192 205 
54 140 170 198 245 
3 83 90 188 205 
1 12 115 178 238 
1 3 19 30 83 
4 71 84 118 149 
5 143 202 240 241 1869 
3 13 24 87 133 
30 75 117 158 189 
42 44 54 122 169 
1 8 33 61 170 
1 20 47 122 133 
4 9 19 96 131 898 
1 6 26 165 246 1364 
16 87 93 140 204 
1 18 145 183 225 
1 17 19 43 119 
2 28 58 85 203 
2 22 54 167 171 
5 24 63 157 258 1385 
18 44 46 66 197 
1 8 46 72 136 
1 19 42 61 
9 15 35 67 131 
7 49 66 119 251 1519 
13 95 209 218 254 
4 20 84 128 207 1922 
9 33 41 171 191 
2 29 81 92 272 
11 142 163 205 241 
12 45 115 191 198 
11 13 24 75 216 1093 
21 54 96 152 190 1656 
17 63 101 206 218 1427 1653 2000 
2 8 13 21 29 906 
1 24 223 245 279 970 1674 
10 19 124 172 250 1029 
3 8 81 192 215 1044 
57 63 190 203 259 
2 22 50 217 238 
1 32 119 209 1085 1485 
4 5 42 56 199 
128 172 175 192 268 
15 134 157 184 287 
15 21 39 65 214 1183 
1 83 150 156 164 
11 12 34 90 121 
13 61 71 165 268 
8 43 92 174 193 
14 25 70 107 268 
2 8 104 236 237 
1 8 10 90 151 1903 
1 13 53 205 
15 76 175 198 280 1623 
17 19 85 231 281 838 
1 6 56 232 257 
2 101 141 163 235 442 
1 37 65 116 287 
13 45 137 142 308 1492 
11 18 77 120 188 
14 135 173 278 299 
15 22 65 103 188 706 
23 136 140 232 261 
5 41 88 91 256 
39 86 122 281 308 
19 29 108 116 611 740 1019 
5 7 82 179 296 1511 
15 46 50 97 197 1010 
59 81 187 234 262 616 
14 59 84 283 317 
3 14 17 217 219 1216 
4 25 268 273 294 1314 1417 1834 
1 12 32 277 299 
3 103 130 161 313 672 
19 21 155 257 290 
60 61 73 170 174 
24 59 140 162 187 
1 53 182 183 313 1231 
13 49 81 107 306 
9 37 39 151 700 
1 18 49 174 225 
8 39 46 180 219 
1 7 26 185 325 779 1998 
2 19 23 140 215 
108 121 139 156 259 
16 49 53 153 318 1424 
11 15 19 50 105 1232 
5 107 139 299 
3 18 96 119 
5 10 151 275 325 1653 
19 42 60 147 162 
29 141 211 213 289 584 
8 52 156 171 213 
25 171 217 262 341 901 1302 
15 94 145 164 167 1232 
1 5 12 35 207 
11 69 77 139 246 
11 177 204 316 324 
11 30 61 283 326 551 
2 99 141 167 273 1125 
2 30 64 94 132 
1 45 47 80 1169 1290 
2 11 54 111 330 
4 30 63 206 328 
1 2 5 100 128 1256 1332 1936 
48 219 232 306 
30 35 88 110 201 
19 37 42 62 299 
3 29 38 95 340 
19 43 179 180 313 1195 
16 109 131 261 287 
1 70 172 304 
19 23 62 92 119 
1 2 23 274 288 313 654 
1 5 13 28 276 
12 19 116 138 222 
11 101 119 211 274 
39 242 315 325 334 2030 
11 24 197 207 358 1439 
1 63 121 255 300 
16 19 44 70 129 
32 48 231 276 332 1467 1928 
11 22 67 92 129 
1 11 84 169 312 1831 
7 43 49 94 356 691 
5 88 116 216 254 
1 82 188 240 356 1245 
1 2 11 62 129 1712 
1 180 235 320 369 
5 8 13 52 274 1491 1884 
8 61 296 299 328 1838 
17 46 118 282 366 
3 7 9 197 260 1373 
53 120 251 299 348 
34 47 66 146 337 
7 16 143 244 261 
12 72 218 332 382 
1 82 101 190 194 1296 
2 24 70 73 219 
1 8 81 120 346 1447 
42 62 120 126 355 
59 61 151 267 269 
1 3 12 103 243 
1 8 15 31 87 997 
18 19 61 173 313 
14 63 115 188 303 1741 
55 90 153 176 198 
10 55 167 251 324 1752 
97 122 253 298 307 
11 37 246 263 308 815 
131 171 221 240 
22 46 53 343 394 1218 
1 21 306 307 331 
22 26 130 144 319 1855 
6 43 118 153 307 
11 123 171 243 306 
4 8 11 306 382 504 
1 32 74 144 244 1622 
38 45 171 281 285 
3 45 142 160 375 
10 13 152 260 315 958 
6 12 19 73 332 
5 39 96 147 190 1821 
2 44 52 121 260 
1 31 58 196 347 1115 
5 22 61 209 410 508 
1 165 265 323 374 
5 6 13 64 76 
177 197 215 242 397 
67 72 117 151 375 815 
68 100 140 261 377 696 1396 
14 50 131 285 304 788 1083 
1 18 200 248 359 934 
72 76 198 214 217 
1 16 125 151 311 
1 120 131 181 204 1234 
1 19 165 191 357 
9 24 53 171 207 
23 50 174 297 323 617 
1 6 271 275 276 
1 23 76 192 220 685 
21 141 213 407 414 
5 71 222 299 333 
11 21 122 372 
1 29 61 126 302 
14 40 41 89 1395 
1 78 130 259 428 
58 71 109 151 178 
1 24 32 97 319 
45 61 73 347 438 1004 1817 
3 4 24 161 189 
50 88 92 157 218 788 
2 73 74 110 365 466 
8 76 219 277 324 650 
8 29 251 315 361 
33 127 138 332 348 
21 59 87 92 106 
17 73 175 303 396 1259 1583 
2 44 61 287 433 
48 111 189 330 370 
44 46 53 97 253 
3 15 22 133 142 
2 18 98 108 435 
7 64 120 267 431 1824 
144 165 203 222 262 2010 
1 11 14 27 169 1615 
147 261 318 394 405 1448 1513 
41 88 264 271 300 
21 23 24 31 60 
9 34 319 421 454 
7 8 50 187 341 
2 5 39 132 
11 19 26 44 105 1187 
8 23 128 137 146 
23 75 124 229 386 
7 15 19 98 359 1197 1514 
48 204 281 348 460 
17 42 119 210 287 
5 39 271 274 395 
3 66 68 81 454 
1 185 200 224 349 659 876 1207 
1 215 232 243 292 
6 46 100 128 451 1615 
25 57 98 262 335 971 
2 7 152 199 437 
1 9 20 99 228 
24 61 108 277 342 
1 12 251 298 349 
2 119 179 306 380 
29 32 49 294 311 
1 7 21 124 222 919 
10 37 119 210 353 
35 53 220 257 271 
10 32 74 139 207 1285 
5 93 143 235 320 448 1644 
8 61 146 188 263 1752 
3 8 25 136 242 1304 
5 61 106 217 443 1491 1739 
5 23 30 168 186 
18 53 99 126 422 1484 
7 9 55 227 234 
1 5 9 142 340 1658 1899 
2 52 100 213 313 842 
39 67 272 308 390 899 
1 66 100 101 253 1867 
2 136 142 280 425 
84 214 244 323 361 
12 24 38 40 94 
1 48 61 100 422 
132 270 326 370 492 
40 57 70 319 358 
18 35 111 131 439 
19 47 267 404 408 
133 140 197 374 384 
1 63 218 281 284 
169 220 358 424 476 
81 258 367 452 487 
3 13 24 188 407 
8 54 345 395 454 
3 7 443 445 499 
2 30 41 83 185 1165 
46 114 240 366 371 2021 
21 95 413 451 459 
11 137 193 229 276 1624 
12 30 129 133 487 1864 
12 63 153 213 480 
24 77 215 354 381 
41 57 63 71 489 1683 1898 
8 55 127 261 334 
7 14 96 107 368 1009 
20 37 87 92 137 
9 153 156 318 324 
13 37 264 463 520 
92 119 384 419 444 
10 24 69 135 334 
165 173 186 285 299 
19 20 69 87 475 
49 117 232 328 1317 
45 73 263 363 438 1490 
5 48 66 244 355 1768 
1 19 45 88 125 
32 46 56 101 189 1317 
161 194 200 426 465 
127 158 172 201 459 
1 87 192 204 533 
16 37 44 49 488 1294 
19 85 218 306 404 1480 1499 1889 
38 124 199 282 288 
15 61 189 329 481 
107 209 329 421 443 1125 1205 
1 11 26 65 78 1987 
1 8 218 348 534 
16 25 191 242 522 
19 114 251 405 496 
6 24 55 153 423 
54 205 309 364 367 425 
9 11 16 204 1439 
34 140 200 430 453 1600 
3 24 47 198 308 
27 273 356 507 521 
1 53 109 222 418 
3 33 81 125 413 
63 197 303 354 378 1313 1945 
132 139 142 261 509 666 
37 60 116 171 360 1965 
10 29 78 135 163 
116 196 202 259 332 875 
6 111 183 511 531 
56 118 276 287 308 1652 
3 69 110 216 492 
2 138 229 268 323 
108 258 307 324 343 1926 
53 141 217 263 306 1795 
1 2 74 513 515 
7 9 13 390 476 508 
40 45 219 285 513 
2 18 58 137 498 555 952 
23 50 84 197 258 
94 193 200 263 456 1963 
3 25 39 205 218 
2 97 328 364 431 
72 99 264 473 484 505 540 
1 17 20 157 563 1503 
8 292 335 405 
8 9 47 313 366 
117 197 198 281 323 
1 69 207 239 389 444 1114 
40 146 175 242 366 
1 4 8 48 565 
3 150 208 304 467 1415 1882 
9 46 143 245 353 
1 73 150 232 465 2036 
11 27 281 331 577 
27 58 244 251 268 1657 
1 2 122 220 524 
31 77 103 274 414 
61 141 146 378 525 556 
12 171 174 244 566 1210 1972 
1 2 40 242 269 
7 9 24 134 187 
7 11 17 101 274 
156 179 192 200 587 
53 171 261 397 453 
119 157 345 470 583 
14 137 253 346 531 1914 
2 4 39 143 161 
62 115 289 306 545 1372 1634 
13 323 393 452 461 1476 
1 66 395 570 
11 13 44 162 206 
68 108 127 205 557 
13 209 221 504 550 
17 135 192 287 505 733 
1 8 66 108 242 
24 58 261 372 519 1748 
1 53 112 289 466 1213 
31 130 266 297 471 
1 165 305 1636 1772 1977 2021 
1 32 332 356 551 1918 1977 
113 119 211 222 332 1176 
44 205 270 392 500 512 570 1803 
8 55 407 426 522 
3 146 224 258 521 
1 14 163 271 580 
39 58 109 448 470 
10 24 338 405 576 
9 37 121 230 551 
9 111 204 206 334 
1 43 267 534 583 
43 142 221 269 391 916 1357 
5 46 49 372 473 1870 
2 7 38 100 401 
29 33 63 343 507 1369 
77 170 378 485 582 
40 41 256 278 347 
4 25 220 344 439 497 915 
1 34 341 465 533 1143 
3 29 188 207 318 1589 
4 8 113 139 416 
1 48 55 261 423 
1 2 11 129 460 
5 11 202 401 569 
5 24 90 217 219 1208 
7 14 20 244 439 
12 308 416 431 529 1097 
76 176 355 496 534 1738 
1 29 30 41 81 
9 70 221 389 398 
10 81 87 157 278 
31 38 107 519 548 
73 120 156 313 534 
106 131 193 351 481 
1 11 20 254 446 1067 
1 6 9 159 564 
46 55 93 395 602 1068 1729 
1 128 210 304 494 1937 
50 135 142 219 621 
23 24 36 189 361 909 1347 
1 64 284 339 598 656 1075 1409 
1 73 117 188 532 1332 
33 67 164 297 611 
1 11 107 161 359 
21 32 100 545 596 
39 66 98 106 542 1097 
11 84 261 491 499 
45 118 186 370 544 710 
2 8 49 287 342 1933 
23 32 111 272 506 
3 5 81 131 150 
21 42 94 395 423 1927 
7 17 27 296 642 
202 332 470 515 644 
11 21 79 222 421 
14 62 146 151 195 
13 37 163 260 616 
90 131 177 436 531 
70 353 389 391 581 
103 117 146 431 442 
1 21 101 423 470 
22 47 57 108 331 
1 179 208 403 492 
4 72 94 519 1190 1866 
23 32 61 434 642 
2 87 159 470 652 
8 178 198 223 450 938 
8 18 81 249 321 
123 220 267 325 629 1326 1710 
9 24 102 297 322 
7 18 137 332 381 
23 24 113 245 519 1576 
11 21 296 346 501 2039 
299 426 589 622 653 
44 49 69 134 548 1787 
24 32 34 299 
40 120 124 218 305 
9 358 395 404 420 
108 285 318 372 618 1744 
16 38 46 100 479 
19 32 61 94 260 
6 57 103 147 529 
2 3 104 615 622 
16 62 92 466 596 1837 
1 21 174 321 673 991 
13 55 84 188 548 
1 23 439 594 639 
11 52 62 400 511 1351 
20 49 129 134 520 1121 
61 69 76 116 395 
75 262 303 449 672 
2 14 60 103 110 842 1872 
7 141 209 235 304 1166 
60 106 216 363 479 631 
11 106 119 621 699 
6 128 190 227 440 
48 165 287 548 583 1606 
20 24 283 507 626 1727 
208 232 486 506 701 1493 
25 61 139 208 255 
22 129 222 284 530 
21 66 215 268 278 
1 14 134 197 354 
7 19 179 213 
2 222 294 650 
5 8 15 43 141 
16 246 251 275 562 1635 
1 279 306 673 
1 10 124 284 686 
348 396 569 636 650 
4 39 169 396 581 
1 37 39 371 392 477 956 
1 73 95 197 465 
6 22 55 66 674 
137 210 269 282 652 
108 176 373 447 463 
1 337 562 687 699 1458 
1 7 282 373 585 
19 76 296 451 665 
1 19 21 225 532 856 
1 9 13 52 558 
1 32 47 178 268 
59 479 543 552 571 
65 323 406 649 689 
54 503 623 685 690 
42 48 57 282 478 
16 87 416 418 543 
5 7 13 50 569 1849 1904 
24 34 103 595 732 
1 12 15 122 
4 167 269 335 462 
32 41 76 208 386 
19 22 139 398 716 
76 171 433 544 677 
39 81 556 582 624 
1 2 14 533 618 
150 183 414 551 741 1383 
46 163 376 519 648 
47 151 292 481 588 1431 
15 134 241 359 397 1471 
2 54 289 346 476 
1 101 566 630 704 815 
7 18 69 204 540 1178 
4 11 65 103 151 1355 
8 101 120 414 738 
31 50 101 127 415 
12 38 134 254 418 
33 277 281 293 320 1207 
1 24 69 128 660 1949 
128 174 320 418 548 1609 
9 69 73 263 308 
1 3 69 130 743 
12 155 170 586 
24 42 50 141 440 
1 23 194 237 522 
81 101 266 276 387 1231 1599 
3 128 201 255 549 
35 46 289 318 319 1976 1978 
71 72 255 636 1935 
1 204 319 483 638 
31 65 354 509 755 
22 176 230 417 449 
134 178 405 618 709 
7 81 363 621 731 
7 81 530 720 764 
70 120 225 253 623 
1 14 47 194 643 
1 103 246 374 511 
34 101 180 206 659 
39 94 141 391 709 
49 84 142 212 471 
30 65 117 188 778 
4 24 57 64 340 
9 85 294 428 670 1419 1897 
16 110 137 308 606 1773 
1 109 221 450 509 
2 3 30 108 442 1486 
2 31 39 54 119 1244 
2 19 136 310 
5 219 280 351 689 
1 120 234 258 354 939 1896 
10 63 216 497 682 1854 
2 9 34 73 175 
6 193 224 247 404 1609 1965 
19 470 526 703 716 
56 193 282 521 551 
24 110 143 165 254 
1 29 376 449 761 
1 29 170 479 734 
43 128 219 327 438 
24 61 100 150 361 806 
9 10 653 677 755 
108 418 498 650 690 
122 128 274 280 389 
58 90 118 178 260 
135 215 342 354 578 
2 11 29 198 613 1501 
31 47 141 283 649 
1 6 76 577 699 
1 7 87 292 630 1851 
64 128 135 214 249 
1 397 447 513 595 
4 22 210 488 563 1549 
85 95 356 719 747 
1 3 242 281 477 
100 205 231 386 804 
39 112 247 544 625 724 
3 19 65 135 793 1627 
57 271 372 438 468 
1 3 193 198 280 
19 30 95 197 305 663 
130 471 683 729 753 
2 57 174 692 798 
70 101 582 739 762 
63 118 119 244 319 
7 45 402 480 577 1181 
9 40 117 344 571 
9 99 149 227 480 1145 
52 73 219 439 570 
45 63 72 238 279 
1 19 65 149 354 1619 
1 12 65 315 495 1543 1789 1952 
9 17 40 244 267 
2 19 24 720 756 
67 86 135 193 472 
7 55 217 242 306 
23 32 70 580 684 
3 13 18 363 411 
9 40 212 419 829 1406 
11 138 211 592 642 
14 23 204 360 506 886 
7 178 227 335 367 399 471 
87 341 345 396 696 
21 70 79 220 699 
51 273 353 432 452 818 
1 63 141 212 279 
15 61 223 237 684 
19 85 198 244 784 1868 
1 370 403 652 808 
15 133 162 276 328 
54 62 85 154 189 1185 
1 56 417 430 583 
1 171 213 387 580 
6 19 42 92 258 1403 
252 411 453 590 620 
58 631 765 800 804 1617 
6 22 269 612 839 
11 255 289 681 819 
1 61 119 436 518 1725 
33 92 335 427 662 762 
3 51 216 419 485 
84 272 290 615 819 
2 95 371 420 737 844 
7 188 206 685 855 
59 77 274 305 413 
1 45 135 683 790 
234 263 421 444 502 
153 294 689 745 791 967 
193 211 387 541 784 931 1884 
221 235 271 675 813 
66 128 215 407 411 1712 
13 20 119 179 411 745 
37 141 170 389 625 
1 248 653 718 814 1851 
279 325 580 588 776 
1 354 403 442 
356 391 629 640 654 848 
30 69 222 343 395 1372 
8 99 378 559 601 639 1366 
22 305 459 685 847 1454 
17 124 744 759 818 1352 
1 18 343 435 653 
7 11 21 63 375 1419 
153 305 400 454 546 
83 94 499 602 629 833 1270 
2 88 139 291 323 681 
45 62 231 410 813 
24 116 219 385 854 
31 74 191 668 788 
19 62 356 381 680 1862 
1 20 497 644 751 1910 
24 62 203 212 284 951 
11 112 142 296 704 
1 2 46 78 474 
2 6 319 449 456 1883 
24 29 37 129 319 990 
194 251 540 723 774 
2 77 138 198 363 
23 70 77 119 414 
5 193 307 410 861 
1 417 800 858 890 1786 
4 12 51 63 76 
1 26 46 197 757 1146 
19 67 87 95 305 
81 234 396 712 843 1012 1703 
1 32 103 370 784 1941 
1 22 400 521 600 
4 5 6 298 338 
2 9 429 525 906 
13 45 324 816 823 
1 75 147 203 652 
14 16 236 489 902 
3 158 171 190 718 1092 1440 
2 108 119 511 763 1073 
84 218 359 439 484 
2 49 61 91 833 
34 48 205 207 235 
1 134 355 402 677 
9 61 452 513 866 
9 124 132 376 550 
38 51 61 245 444 
6 66 140 675 908 
1 274 349 468 751 969 
122 244 374 480 795 
1 13 297 315 897 909 1599 
63 66 340 420 889 
12 31 62 467 899 
89 258 325 361 755 
2 10 215 220 345 
63 149 584 643 715 1097 
2 99 123 142 526 
11 67 479 496 542 1024 
45 161 400 784 868 
10 44 66 83 514 
18 99 103 338 395 
92 278 319 759 882 
10 106 235 456 497 
21 113 136 419 530 
9 272 395 435 569 2044 
8 18 170 596 779 
30 70 120 449 471 1276 1507 
7 61 145 424 806 
8 14 75 244 746 
55 84 246 480 576 658 
61 97 194 416 549 
22 24 63 250 683 
1 65 125 816 858 1727 
1 192 484 816 
138 440 503 660 700 
274 388 642 661 843 1515 
11 74 87 274 391 1495 
14 19 58 157 201 
210 252 344 473 864 
120 511 523 736 759 
5 19 23 841 861 
171 216 342 700 817 
48 63 68 203 726 1344 
2 80 117 352 598 
1 8 85 232 838 
12 363 371 503 899 2040 
387 547 564 589 711 
18 68 74 130 848 1910 1990 2022 
65 204 398 403 438 1917 
81 381 602 668 902 1326 
6 8 27 293 812 949 
18 63 193 207 465 
1 106 457 538 557 1777 1965 
513 670 696 711 789 1994 
46 201 283 642 953 
50 65 208 534 817 
12 172 248 572 611 
1 62 246 459 546 
24 170 179 416 653 1451 1708 
1 34 213 390 948 
23 49 280 363 547 872 1411 
130 171 182 838 889 
32 75 372 396 753 
62 107 179 336 686 
9 15 22 284 365 944 
21 165 580 641 766 941 
1 313 324 363 498 
20 142 234 281 906 
1 222 246 334 684 
76 325 343 652 858 
40 188 406 779 856 1154 1202 1325 
84 212 337 687 736 
14 742 745 886 960 
1 21 319 402 719 
1 4 260 350 
140 307 524 823 910 1585 
8 26 207 242 577 
19 20 52 148 814 
34 38 349 822 933 
1 19 55 840 900 
24 146 385 533 858 
65 134 162 352 840 
24 82 141 185 866 953 
70 227 366 370 986 
149 278 423 711 778 1711 
215 331 385 435 702 
61 349 402 479 838 1631 
6 199 611 761 920 
1 354 519 639 
11 36 439 762 944 
1 37 156 659 684 
121 207 341 428 501 
102 110 118 740 786 
1 2 3 197 668 987 1692 
30 195 279 287 311 
22 54 262 482 770 
129 178 391 508 556 1861 
7 45 462 472 891 
77 207 219 287 552 929 
18 23 152 858 992 1716 
126 198 312 710 907 
106 142 261 284 889 
19 47 64 185 489 
164 174 199 247 745 
31 265 494 699 921 1412 
301 378 703 850 852 
27 217 455 460 536 
642 670 783 924 983 1392 
84 211 426 799 898 
77 99 255 596 794 
148 181 575 818 867 
7 34 65 92 248 1042 1125 
39 82 112 468 602 
25 55 67 249 669 
6 68 556 703 789 
1 29 171 273 668 
77 158 422 915 958 1253 1866 1949 
46 311 319 395 705 1247 1685 
124 162 228 514 590 1338 
53 267 273 387 602 
30 120 378 616 625 
77 81 287 337 419 
12 62 114 159 443 
1 4 8 17 198 
9 12 164 215 652 1655 
1 70 125 527 573 1919 
234 342 898 935 981 
110 153 230 554 647 1853 
394 494 776 988 1018 1100 2019 
1 151 335 354 414 710 
128 540 558 626 688 884 1353 
5 8 113 240 977 
1 9 92 198 420 475 
1 66 476 838 974 2010 
1 96 242 612 920 
41 145 269 688 886 
1 90 446 452 535 
5 23 157 672 955 
65 104 166 296 321 1217 
6 7 62 219 754 
101 178 228 675 683 
1 436 480 618 1010 
47 200 201 374 567 
24 85 171 317 621 1952 
207 218 263 850 
7 92 96 316 982 1588 
320 420 550 649 926 
2 6 20 404 523 
1 45 516 720 1011 1256 
6 114 519 916 1004 
21 197 571 623 674 1453 
12 61 317 437 454 1662 
60 81 151 269 358 679 
6 198 222 629 868 1322 
1 87 90 259 
62 114 119 198 500 
5 11 64 259 395 
266 286 666 857 886 1340 
7 67 69 317 543 1933 
34 44 544 703 984 1803 
57 247 252 380 836 
130 213 479 572 668 
3 258 534 547 912 1299 1642 
5 145 170 625 1049 
38 193 257 353 370 1120 
3 13 19 187 949 1361 
23 39 135 358 542 
4 477 617 624 742 
1 120 286 449 648 
2 3 367 410 556 
23 151 680 806 921 
98 215 644 869 974 
40 61 348 923 1026 
1 9 109 197 392 1700 
44 234 405 517 521 
69 70 91 287 671 
4 206 392 804 1087 
15 114 131 148 311 1474 
19 59 162 338 987 
5 83 151 338 493 
3 12 144 171 300 1309 1391 1756 
38 93 809 811 978 1466 
22 82 429 969 978 1710 
8 44 206 358 401 
17 110 125 139 727 
209 221 274 549 726 
23 48 320 729 754 1685 
67 113 194 646 924 2023 
4 88 95 162 877 1752 
3 12 430 519 801 
8 366 370 385 464 
66 67 95 367 840 
43 65 287 405 1050 1929 
8 19 204 457 580 1063 1315 1551 1731 
122 236 481 590 1038 
1 18 396 424 554 1205 1457 
3 95 244 252 647 
1 12 282 583 690 
3 9 61 183 428 
11 98 522 636 1090 1479 
22 23 29 282 396 1405 
19 46 387 619 644 
12 41 54 99 428 1734 
1 11 55 731 776 
19 84 202 205 373 
1 610 661 685 930 1181 
85 283 746 977 1103 
1 11 118 171 420 
4 63 161 177 384 
102 153 231 650 701 
9 183 681 723 946 1603 
1 14 18 438 657 1810 
7 395 463 495 543 2019 
137 153 279 565 1039 1917 
1 16 87 749 842 933 
2 30 72 109 135 
29 218 347 437 1079 1505 
20 36 40 403 924 1015 1541 
92 144 580 845 922 1944 
2 538 639 641 941 1793 1859 
21 260 641 684 723 
212 329 390 414 1131 
1 44 222 822 824 
14 174 242 401 1127 
12 193 284 445 688 2012 
1 12 29 448 919 
30 43 402 524 691 
4 207 318 798 1041 
47 186 213 225 240 469 
329 487 722 794 860 
188 327 410 484 653 1541 
8 82 161 235 625 
1 202 279 797 1069 
80 112 193 268 298 
11 116 211 514 942 
275 305 983 1127 1147 
87 100 220 268 442 2035 
53 110 505 771 782 
1 51 236 583 978 
387 599 747 798 1028 
1 359 392 747 766 
19 88 210 258 372 
8 21 90 163 951 
7 12 566 667 867 
3 129 694 941 960 
1 18 299 457 654 
12 116 161 272 850 1317 1695 
1 4 117 361 728 1364 
136 366 367 938 1049 1657 1723 
19 348 363 494 576 
20 205 217 244 875 
50 179 318 797 839 
3 24 42 318 405 
11 30 85 100 685 
29 30 70 209 284 1220 
22 31 69 120 127 
9 142 341 407 483 767 
9 126 267 705 789 
60 254 691 694 770 
7 215 743 841 904 
9 356 548 944 1149 
1 81 135 504 743 
8 63 332 381 474 2034 
14 19 119 213 386 
7 127 156 394 743 922 
170 287 316 319 525 
109 151 598 669 691 
42 335 502 894 981 
123 174 574 699 1064 
4 42 108 367 543 
1 462 642 
6 206 324 479 559 
1 73 237 452 1375 1822 
2 19 24 227 312 1791 1867 
16 287 372 967 1044 
47 232 470 471 839 1742 
11 63 468 826 1132 1960 
121 195 432 655 700 1320 
78 91 209 337 805 1880 
25 231 411 650 806 1374 
36 113 535 720 965 
107 113 325 661 1057 1676 1997 
17 141 263 631 881 
89 118 228 554 920 1241 1770 
139 142 202 696 781 
253 328 590 591 993 
3 42 96 141 983 
57 313 366 922 
1 19 129 802 1028 
1 24 53 203 296 
65 422 554 616 850 972 980 1881 
68 103 936 953 1112 1799 
332 593 606 1077 1102 1498 
60 100 566 974 1083 
1 95 575 1070 
2 138 421 653 856 
44 126 507 557 901 
9 133 174 206 614 
2 67 152 204 602 1795 
50 51 151 493 1192 
87 208 220 370 676 
3 16 99 247 378 1308 
31 112 267 704 1079 
11 61 484 628 891 1430 
113 209 273 586 609 774 1624 
3 69 419 473 828 944 
132 171 179 440 571 994 1313 
84 105 910 928 938 1683 
12 603 608 651 755 2010 
86 112 113 181 426 783 
32 95 327 999 1205 1354 
29 31 489 577 593 
4 22 105 420 439 
19 140 197 202 251 1119 
2 25 363 475 1067 
2 76 85 90 125 1497 
129 542 762 778 917 
200 450 505 618 769 
95 147 294 338 1217 
90 100 121 680 1106 
42 43 286 435 592 916 
19 85 218 708 
1 62 119 165 796 
25 337 606 824 1019 
15 53 640 736 978 
21 39 326 610 706 
1 57 355 624 770 1191 
4 11 481 484 819 973 
124 215 402 448 1004 
1 22 81 767 864 944 1744 
222 230 283 327 364 
1 198 424 445 590 
39 632 808 924 970 
1 55 311 635 886 
58 105 188 281 1030 
44 194 202 233 733 822 
216 380 415 626 656 
1 11 359 413 1237 
138 172 430 650 711 1893 
27 212 362 376 390 876 
66 100 221 366 450 1970 
1 42 186 665 822 1764 
112 142 362 487 532 580 1211 
2 54 351 376 1081 
90 357 369 397 978 1554 
1 29 319 870 
299 319 389 399 491 
49 207 303 747 1151 
1 28 139 749 919 
154 285 362 595 935 
35 65 1038 1150 1247 
15 18 711 726 1263 1395 1712 1964 
3 19 754 892 1055 1409 
1 6 554 640 968 1545 
14 61 200 503 644 
1 91 124 410 820 
19 46 305 538 844 
14 135 572 660 1253 
91 458 569 922 1256 
11 20 87 215 1218 1456 
12 83 107 390 608 1457 
27 29 481 713 867 
40 53 319 410 981 1169 1268 
25 278 395 641 953 1962 
86 112 177 591 665 1188 
57 624 681 704 1195 1587 
6 96 153 307 1176 1832 
201 231 505 572 946 
37 87 94 653 737 
118 153 223 370 925 
7 138 141 163 739 1369 
19 22 38 676 1172 1805 
75 118 255 315 1111 1460 1768 
1 103 132 369 600 715 
119 153 467 889 1275 
100 355 378 387 656 1490 
15 507 665 863 941 
8 12 520 593 1123 
72 165 525 618 1047 
1 2 151 511 914 1023 
1 59 441 794 1221 1502 1802 
9 128 247 444 1064 
28 36 165 203 633 
1 176 406 414 868 983 
1 167 202 595 1044 1861 
22 115 474 630 812 827 
61 77 81 122 571 
8 85 146 915 1090 
128 193 317 391 537 
4 72 118 595 677 1943 
379 469 671 690 1041 1229 
181 258 340 348 568 1299 
1 8 84 152 1170 
11 43 283 512 643 656 1949 
6 67 370 927 1070 
20 345 613 969 1240 
44 361 440 475 634 1586 
15 20 85 1005 1088 1266 
222 301 308 698 1289 1345 
44 283 515 910 1180 
13 211 254 759 1147 
269 319 341 421 1227 1881 
381 431 446 1098 1177 
1 7 59 452 515 2016 
11 100 194 329 672 
3 132 448 481 1300 
9 83 854 1134 1259 
44 113 242 565 1067 
21 128 186 548 1192 
16 96 100 272 319 1452 
32 130 332 387 1120 1272 
15 95 673 734 881 
1 19 112 404 920 
137 206 325 753 1058 
558 588 734 1043 1246 
7 340 355 473 830 
8 700 786 871 1279 1853 
30 34 407 1217 1293 
1 108 667 814 983 
18 84 130 303 946 1548 
2 7 63 308 1165 
24 503 698 1057 1179 
242 832 835 923 1180 
4 218 403 972 1250 
45 197 842 925 1131 
1 3 23 215 387 
1 18 20 24 119 1291 
2 85 181 484 644 
1 21 391 1007 1177 
121 124 817 1004 1010 
4 41 87 448 633 1526 
2 43 202 478 718 1996 
70 140 456 654 888 1783 
76 145 316 822 1198 
201 475 610 919 973 1013 
108 402 498 593 674 
78 259 545 568 817 1309 
1 12 191 314 600 
106 188 380 506 1328 1347 1490 
42 116 363 742 1232 
90 110 147 355 1033 
188 199 269 378 416 
8 66 108 885 903 
12 286 1016 
8 20 24 750 1184 
8 242 915 919 1072 
139 168 212 1162 1312 1619 
42 129 178 405 1204 
48 350 408 964 1052 
287 919 1000 1016 1077 1164 1327 
49 149 172 719 1085 1293 
82 413 448 747 1192 
81 84 117 288 965 
1 12 157 393 1096 
1 24 376 944 1128 1635 
18 222 520 687 1341 
68 85 548 817 1183 1558 
119 120 358 888 972 
2 32 538 583 1298 1963 
2 163 268 395 751 1634 
3 7 13 354 1004 
38 46 144 215 744 
2 9 257 907 998 1056 
21 38 99 370 725 
276 402 720 762 833 910 1020 
16 77 406 636 851 
48 100 245 461 561 
246 344 415 575 1216 
30 95 180 824 1206 1474 
32 40 45 73 1351 
445 721 1062 1124 1268 
12 188 471 971 1376 
15 57 156 858 889 1119 
3 20 112 693 805 
256 367 442 571 623 
83 202 281 515 799 1086 
106 385 629 702 843 
45 48 82 259 538 1271 1681 
40 48 81 172 1029 1099 1328 
7 261 844 1006 1009 1133 1961 
193 244 570 986 1101 1438 
2 157 400 465 631 2009 
1 384 715 935 1361 
8 21 25 161 479 
6 76 87 561 797 1674 1838 
7 143 367 713 1156 2048 
3 91 207 338 868 1271 
32 165 174 622 816 
169 323 416 463 
303 471 667 1270 1326 1974 
1 7 8 188 426 
70 219 235 316 851 
65 173 843 865 989 
45 57 495 1031 1166 1294 1874 
19 20 96 162 730 
8 265 296 505 921 
19 160 172 403 1279 1952 
21 177 764 1139 1268 
110 340 703 966 1289 1606 
7 197 340 758 998 
38 319 517 786 820 1026 
3 86 161 228 1170 
16 151 313 1047 1298 
3 178 545 692 929 961 1039 
269 327 476 843 1098 
15 74 262 336 359 548 
413 476 545 804 998 
5 122 482 597 636 1966 
119 146 241 986 
8 232 536 655 1162 1493 
587 625 960 1045 1148 
267 355 384 529 837 
6 72 130 411 1155 1410 1415 
103 141 771 812 1289 
7 162 366 1229 1274 
141 329 794 1043 1143 1182 1340 
9 67 109 1040 1151 
75 77 138 337 1108 
39 77 1010 1108 1319 
11 186 216 740 1035 
18 28 114 646 700 
18 33 261 380 981 
23 61 116 304 319 1935 
135 234 1134 1301 
42 69 202 525 1126 
117 438 576 726 1222 1992 
274 921 1048 1235 1356 
11 246 292 562 1295 
1 246 404 732 1400 
228 576 734 1119 1275 
43 642 1051 1059 1269 
44 58 164 218 233 1714 
244 500 556 1180 1276 
8 204 487 627 883 
105 119 294 866 1150 1767 
588 630 662 895 939 
25 249 256 306 1057 
11 113 192 804 871 
26 209 229 396 666 
3 17 111 315 389 
98 244 838 844 1314 
11 399 544 617 1031 1925 
9 18 52 596 1430 
24 81 87 525 1172 
36 71 86 94 1052 1261 
4 253 303 803 1280 
314 430 634 916 1198 2009 
8 331 753 928 1249 1591 
38 329 358 395 456 
9 127 273 354 546 1022 
82 713 948 1058 1287 1391 
202 589 606 1069 1135 2000 
5 8 12 51 871 1068 
11 79 156 1414 1424 
7 156 411 653 1151 
55 77 418 613 840 
34 348 492 555 1326 
240 319 374 423 1335 1994 
76 107 177 568 1157 1961 
37 70 134 718 892 1618 
29 77 139 351 858 
33 316 480 919 1125 
11 19 88 145 244 
2 19 69 136 253 1137 1673 
19 665 780 1089 1439 
11 81 129 675 1437 
319 564 892 1238 1306 
89 101 119 1238 1280 
302 362 435 856 1002 1716 
22 260 909 1147 1435 
1 50 466 467 1399 
20 120 165 244 1266 
9 106 353 957 1011 
18 19 45 918 1080 
492 533 791 972 1363 
30 167 178 1044 1116 
51 264 414 521 1225 
11 83 111 141 288 
128 154 646 651 1432 1791 
1 2 18 25 283 
22 111 158 302 837 
1 12 119 267 308 
422 470 563 1100 1202 1400 
21 115 274 844 1369 
108 147 370 779 1493 
1 24 73 208 893 
126 137 153 678 1441 
298 648 779 916 1207 1574 1724 
22 296 297 418 690 
2 148 202 294 1116 
87 115 482 926 1382 
31 48 819 832 1029 2038 
153 260 665 889 1325 1454 
109 228 844 978 1468 
102 357 1133 1273 1484 
53 251 280 643 712 1390 
5 34 122 280 939 
6 565 598 671 682 
37 122 269 310 534 
21 69 95 183 244 
33 41 434 1190 1285 
1 15 208 935 1131 1985 
11 212 1184 1300 1451 
1 9 314 503 750 
19 28 115 624 1358 
19 100 259 534 932 
215 249 561 742 781 1231 2009 2014 
42 136 207 381 448 
53 264 380 1076 1200 
19 604 681 1016 1468 
10 31 289 605 1474 
9 18 75 217 1157 1849 
1 99 473 697 1184 
1 255 547 1068 1428 
61 305 397 559 944 
120 485 511 1005 1511 
84 103 171 554 1138 
4 478 600 988 1344 1850 
7 40 246 306 775 
18 274 364 414 465 
156 347 587 600 1038 
22 26 31 475 561 
185 290 521 934 1278 
4 49 415 874 938 
71 106 158 435 1145 
25 201 335 1016 1432 
92 189 297 1403 1519 
38 128 298 490 1136 
24 84 182 411 1166 2020 
14 181 319 370 396 1191 1540 
358 657 684 1173 1241 
6 75 119 457 501 
259 813 914 1287 1489 
244 554 606 1118 1300 
38 171 951 1074 1314 
251 371 602 954 1084 
7 17 1208 1293 1530 
212 358 486 1090 1348 
1 14 186 816 1133 1532 1770 
232 258 346 653 1302 1734 1992 
19 45 99 833 1317 
11 45 407 884 1229 1851 
68 73 127 637 1502 1546 1858 
24 41 212 354 1416 1572 1632 
8 187 536 998 1450 
67 111 504 914 969 1662 
18 22 411 453 839 1209 
32 42 145 726 791 
5 264 634 1266 1367 
45 96 207 264 1355 1634 
243 306 353 634 1347 
1 12 21 34 881 1219 
7 18 45 92 200 
4 52 109 833 1259 
59 400 432 561 570 
135 245 838 1042 1421 
73 781 985 1101 1187 2027 
24 63 153 1298 1539 
34 225 403 789 898 
15 19 160 181 728 1462 
1 77 558 647 
191 372 395 992 1414 1442 
22 348 660 938 1032 
9 297 366 806 896 
28 325 726 916 1165 
10 403 840 956 1388 1539 1673 
17 60 952 1275 1322 
19 122 254 315 612 
437 444 834 881 1416 
1 156 161 207 428 2039 
29 396 460 567 984 
11 18 958 973 1137 1202 
10 52 180 188 1480 
47 97 197 587 936 
167 212 513 560 659 
426 630 889 1282 1350 
2 28 457 561 981 
7 285 340 992 1339 
9 19 116 232 632 1052 
156 562 622 804 1066 
8 20 166 373 688 
18 104 732 949 1202 
163 361 648 723 744 1518 
19 31 75 466 881 
1 13 819 1149 1404 1850 
8 15 32 420 750 1463 1530 
45 145 474 616 819 
1 32 154 218 1144 1331 
2 19 142 204 298 
3 5 12 1242 1247 1418 
5 63 339 355 1580 
42 96 754 1387 1571 
9 51 87 197 1252 1369 
32 146 487 499 622 1442 1980 
1 46 304 562 698 1412 
292 466 644 686 770 1629 
3 426 990 1004 1389 
11 18 299 1008 1068 1389 
24 172 285 1312 1567 
27 143 354 735 1298 1710 
1 11 62 240 1542 
324 413 534 546 719 980 
7 19 521 549 1121 
151 167 655 996 1589 
48 157 491 844 1055 
29 82 402 1059 1436 
14 597 833 1077 1488 1830 
1 171 565 737 1478 
86 120 822 944 1258 
142 207 235 690 1214 
360 370 503 1104 1174 
73 736 950 1082 1565 
50 604 630 1261 1280 1379 
1 273 285 612 990 
612 629 896 1000 1108 
1 412 490 867 1095 
49 173 284 639 1613 
20 36 235 345 692 1515 
39 54 70 651 709 1408 
21 163 218 376 1423 1480 
1 24 91 955 960 1645 
3 89 306 1166 1533 1715 
69 87 99 1096 1557 1752 
1 228 300 622 1452 1520 
130 162 881 921 1048 
325 401 899 1066 1105 1521 1633 1766 
1 29 220 701 938 1696 1942 
149 281 773 819 1237 1413 
1 517 1383 1552 1627 1770 
7 96 325 369 1160 
2 265 764 1222 1246 
32 100 121 444 1406 
101 152 307 589 703 1985 
1 296 470 636 1431 
17 362 1203 1211 1436 1909 
19 147 221 458 1473 
44 273 403 844 1448 1733 1780 
136 226 230 927 1101 
1 174 884 946 962 
263 381 718 755 990 
16 33 44 111 667 695 
38 381 1088 1258 1536 
7 85 642 813 956 1583 
37 183 462 1084 1360 1393 
19 32 152 721 742 
45 123 631 961 1336 2038 
58 63 363 403 1111 
201 268 403 405 625 
1 11 35 828 1290 
21 155 389 489 1526 
319 346 714 1157 1516 
70 78 642 809 950 1697 
53 77 860 1205 1551 1580 
101 811 966 1098 1611 
96 676 1536 1564 1636 
101 190 264 325 930 
24 261 378 433 694 
49 202 283 433 1656 
4 129 298 404 731 1362 
76 81 91 124 548 1883 
19 124 414 630 1273 1850 
39 46 85 740 767 1126 
131 165 278 576 747 928 
205 272 277 337 1532 
1 468 547 698 1004 
22 141 519 926 1262 
17 148 768 1204 1562 
673 1172 1226 1314 1397 
49 94 241 309 482 1188 1978 
7 25 43 359 839 1235 
47 161 435 887 1006 2034 
58 200 578 822 1612 
7 50 519 1002 1208 
395 414 461 885 932 995 1788 
142 497 673 872 1039 1569 1623 1860 
8 98 711 962 1491 
1 53 109 231 684 
9 602 1109 1481 1675 
1 11 49 204 962 
367 789 939 1275 1599 
103 175 289 312 833 
63 68 97 293 1010 1317 
60 61 96 217 1668 1992 
21 29 489 893 962 1454 
30 123 340 825 1389 
18 71 143 873 875 1960 
87 253 444 1132 1298 
96 446 519 965 1451 
9 96 195 675 982 1581 
213 349 352 500 1605 
81 91 205 872 1474 
19 47 122 539 1192 
22 55 217 604 1311 1374 
8 36 436 816 1172 1707 
136 454 480 750 822 
7 459 521 937 1098 
53 203 279 686 1430 
20 866 1063 1149 1306 1340 2027 
90 626 842 941 1039 
148 545 737 946 1356 
14 42 965 996 1303 
1 9 47 137 684 1547 1629 
81 178 689 1218 1454 1498 
129 153 348 404 1245 1578 
11 45 603 675 1586 
255 1061 1382 1470 1696 
43 538 867 1358 1563 
11 134 395 536 921 1767 
53 197 254 1372 1482 1534 
11 169 362 1154 1697 1842 
3 11 917 973 1374 1492 1948 
7 41 70 250 1103 1105 
222 519 613 809 897 
151 400 572 751 1214 
5 24 82 237 327 
27 49 101 396 1574 
708 770 1135 1367 1646 
1 109 112 936 967 
4 21 119 770 892 
1 352 470 680 690 1352 1722 
3 323 353 628 841 
217 272 356 536 1220 
578 587 618 1262 1473 1948 
13 49 315 331 704 1120 1723 
1 2 17 864 1040 
5 13 88 394 1134 1912 
85 209 553 689 740 
29 565 776 1193 1538 1618 1626 
11 215 666 1023 1585 
37 300 355 642 1094 
378 444 776 1208 1575 1987 
130 178 200 1100 1344 1388 
24 272 515 1519 1693 
438 445 676 975 1325 
29 736 775 1006 1304 
26 28 31 99 466 
83 292 384 928 1422 
5 69 119 685 1397 
47 138 221 819 875 1560 2024 
1 47 339 1141 1261 1393 
1 13 122 245 685 
62 89 117 136 448 1703 
40 177 1159 1278 1341 
272 307 641 817 1510 1563 
15 30 735 764 1064 1431 
6 245 584 1085 1750 
112 294 924 1094 1696 
411 519 551 617 800 880 
51 142 251 716 827 1952 
8 91 343 787 1467 1611 
2 87 206 833 1495 
7 265 331 591 974 2013 
112 254 269 357 1150 
108 384 595 633 1423 
4 271 1419 1548 1760 
428 466 526 761 1450 
9 15 61 372 1029 1405 
18 108 997 1469 1730 2013 
45 398 516 818 1581 1881 1970 
88 756 965 1207 1520 1992 
31 122 137 817 1008 
11 507 551 584 983 1855 
113 192 311 1314 1581 
1 173 329 1221 1491 
1 68 1101 1503 1517 
8 119 202 1181 1580 1682 
13 197 253 274 747 
205 593 711 734 999 
30 45 465 755 874 
61 395 740 763 1450 2019 
1 7 87 176 1363 
19 100 120 922 1097 1858 
2 36 263 836 1393 1963 
85 362 367 693 897 1748 
11 29 346 354 1154 
85 105 144 401 1189 
39 69 298 512 1784 
42 268 293 546 1009 1212 
1 114 228 1023 1576 
42 313 318 688 879 1627 1754 
61 121 311 1314 1425 
106 289 437 924 1080 1663 
19 87 161 740 1790 
81 217 287 1060 1389 
224 275 323 459 1302 1980 
1 134 565 1038 1600 
9 48 124 477 577 
281 431 992 1481 1564 1660 
61 151 212 477 514 
376 749 905 1102 1271 
24 387 777 1074 1127 
2 281 770 783 1424 
254 353 444 1422 1578 1850 
79 81 1017 1156 1775 1880 
86 141 646 674 773 1737 
47 243 531 1204 1375 1678 
285 404 1077 1415 1432 1832 2038 
45 212 513 534 842 947 1673 
1 778 905 1150 1684 
5 76 191 711 794 
783 892 1229 1416 1583 
92 107 231 466 778 1072 
319 384 1008 1423 1705 
579 1008 1176 1296 1544 2029 
155 560 936 1002 1424 1675 
4 45 579 1717 1778 
5 117 159 525 1333 
178 818 984 1426 1559 
7 172 523 1207 1367 
29 136 202 1196 1511 
51 121 224 672 1588 
2 69 238 1038 1221 1271 1400 
1 538 608 745 891 
198 283 481 802 804 
24 308 527 741 826 
21 116 730 1160 1590 
22 494 824 885 1803 
7 311 860 1040 1500 
148 570 582 590 711 
58 286 316 1170 1575 
25 720 873 879 1183 1298 1394 
179 300 875 922 986 1313 
71 85 254 680 953 1697 
729 732 776 1160 1474 1569 
19 70 140 255 596 
339 690 896 963 1264 
14 143 686 1090 1178 
2 32 186 281 1621 1647 
43 92 636 1077 1287 1340 1703 
43 243 840 1186 1406 
1 117 123 129 790 1512 
165 296 802 908 1148 
4 601 862 1012 1066 1308 1752 
158 262 343 356 542 
114 137 669 880 1334 1669 
76 113 149 560 1372 
1 227 384 596 1027 1346 
1 11 31 101 224 1888 
2 54 63 69 109 
58 103 147 588 1582 
45 73 141 526 1846 
247 508 972 1197 1437 
39 53 637 882 1513 1602 1987 
7 41 63 259 940 1002 
23 96 827 1120 1612 
4 188 204 498 768 1950 
385 438 655 919 1328 1426 1848 
1 43 965 984 1453 1540 1876 
123 237 1182 1235 1430 
1 19 481 1392 1480 1698 1749 
3 22 660 935 1524 
47 410 692 843 1266 
8 168 456 1431 1571 
2 142 178 941 1370 1732 1807 
8 163 212 1030 1768 
18 83 117 717 875 
1 281 330 401 1191 1558 
105 525 577 669 1623 1664 
709 1477 1583 1623 1782 
188 344 454 1679 1721 
114 565 857 970 1326 
3 9 19 135 643 1965 
15 25 88 454 527 610 951 
12 75 718 1066 1371 
2 20 62 262 997 1902 
42 282 328 573 593 
11 52 225 804 895 1680 
22 454 461 712 1369 1662 1960 
11 555 1024 1042 1112 1126 1133 
8 123 413 903 1378 1571 
24 38 70 154 423 
20 276 1074 1170 1219 
1 807 1228 1465 1709 
11 618 845 1177 1696 
9 399 587 617 1189 
11 130 1094 1125 1216 1858 
8 22 119 134 190 
96 109 144 827 1345 
49 532 605 1522 1865 
69 363 427 529 620 1820 
3 13 61 186 202 
2 9 52 315 1690 
96 341 350 1306 1465 1651 
119 309 335 523 1580 1960 
202 828 1209 1450 1805 1885 1969 
109 626 728 1091 1261 
3 44 65 972 1562 
121 220 356 1089 1571 
87 103 655 1002 1636 1637 
1 114 151 692 1441 
50 54 59 65 1143 1164 
203 741 1045 1301 1540 1576 
62 67 281 346 874 
1 12 324 471 1006 
67 131 344 1268 1288 1316 
7 16 193 208 772 
7 8 987 990 1670 
97 354 1146 1281 1683 1735 1808 
2 37 51 307 1762 
44 72 380 479 571 
11 367 1006 1423 1640 
21 232 1127 1255 1265 
1 119 388 1410 1815 
93 301 319 370 1416 1955 
15 79 137 357 599 
243 411 1108 1287 1707 1754 
1 6 29 119 1689 
49 281 1050 1764 1840 1844 
37 58 501 1316 1344 1456 
171 980 1218 1472 1478 
1 50 221 279 1168 1886 
497 810 1024 1177 1775 1892 
3 13 22 721 1233 
119 332 476 1029 1177 
403 1032 1291 1587 1617 1931 
602 916 1136 1303 1325 
1 15 177 220 1559 
60 371 553 874 1056 1402 1494 
19 109 565 1393 1496 1573 1868 
68 89 258 1044 1536 
134 432 1014 1023 1114 
231 675 965 1504 1593 
9 242 465 660 1802 
6 15 143 834 1228 
14 561 1164 1438 1660 1913 
55 788 821 824 1278 1485 
17 19 49 90 313 
113 263 548 1006 1095 1624 1637 1788 
11 99 204 305 1543 1853 
213 306 363 765 1513 
11 129 209 698 1437 1551 1963 
70 228 1280 1546 1774 
1 289 337 522 1021 
20 92 416 601 1069 
1 80 105 161 213 1094 
1 81 177 1327 1940 
31 110 163 228 1194 
1 205 421 637 690 1212 
23 76 565 959 1566 1920 
102 256 985 1744 1925 1949 2012 
56 240 958 1221 1236 
54 171 600 613 1298 
25 49 845 1304 1623 1662 
17 45 458 1572 1777 1951 
72 76 99 142 288 
400 459 500 652 1454 1744 
304 681 888 1267 1913 
238 296 933 1240 1888 1908 
21 313 543 917 1391 
7 98 598 1593 1803 
91 139 389 636 1843 1960 
2 13 94 231 622 1538 
48 162 264 471 1895 
2 1561 1661 1903 1951 
317 674 1103 1535 1947 
12 200 627 667 1003 
1 11 612 1028 1151 
33 45 937 1035 1550 
24 294 648 679 799 1377 
719 1355 1410 1721 1887 1902 
51 383 621 736 1145 
29 62 141 231 1014 
1 8 451 664 1076 
63 65 979 1319 1338 1618 
1 258 613 781 1601 
94 337 703 1512 1807 2017 
3 61 131 754 848 
54 1081 1239 1644 2002 2017 
1 854 976 1625 1849 
76 178 385 425 675 
279 618 885 990 1487 
14 319 362 660 1752 
54 523 767 856 1038 1490 
77 374 698 1181 1295 
3 32 156 1329 1963 
58 489 1076 1510 1570 
7 254 526 1129 1134 
34 137 399 414 965 
6 45 405 497 1436 
10 17 60 73 529 1662 
13 200 736 847 1041 
5 64 227 577 784 
62 99 463 992 1194 
2 7 39 1287 1340 1707 
3 87 101 216 259 1533 
1 697 1454 1723 1814 1933 
7 272 291 379 590 
17 23 38 45 622 1354 1992 
4 39 70 103 245 
131 146 435 469 712 1438 1619 
439 613 1502 1514 1649 
112 157 411 1039 1687 
217 1036 1116 1123 1226 1875 1877 
69 515 1532 1747 1866 
205 223 418 977 1778 1990 
53 211 1181 1297 1418 
11 24 53 59 1257 1764 
84 116 490 611 1913 
61 120 672 1814 1885 
586 794 935 1375 1454 
23 673 749 1093 1679 
146 462 471 636 1233 1657 
34 54 1329 1820 1895 1968 
65 332 777 1256 1615 1634 
12 135 262 519 1590 
18 119 124 125 188 
5 217 297 1182 1571 2044 
138 458 636 1069 1145 
2 11 36 283 1348 
3 485 726 1682 1979 
563 629 868 889 1352 1799 1851 
125 369 503 1059 1490 
289 404 521 673 1732 
5 67 359 1075 1807 
546 602 1227 1272 1387 
16 137 165 315 1187 
59 158 580 683 745 1929 
154 229 325 905 1615 
8 115 652 670 1084 
25 107 586 1205 1501 1811 
8 18 195 414 903 
1 3 198 694 
145 527 832 952 1264 
193 229 925 1214 1392 
91 261 585 729 1265 
29 130 238 283 403 
5 18 20 255 651 
114 179 197 454 957 1430 
66 403 607 1528 1638 1822 
3 46 116 1215 1545 1912 
268 504 1071 1600 1904 1953 
168 244 373 1783 2021 
64 103 714 1349 1627 
44 133 654 752 849 969 1880 
119 473 939 1181 1236 1676 
2 64 201 205 303 1955 
