2048 10573 0

1 
1 2 
1 2 
1 2 3 4 1463 
1 3 4 
1 4 5 
1 4 
1 4 6 
1 2 4 6 
1 4 276 1409 
1 2 3 5 
1 2 4 5 
2 4 5 10 1446 
1 2 5 10 13 
1 4 
2 4 7 11 13 
1 4 6 13 14 
1 4 5 16 104 
4 7 10 18 
1 4 7 18 
1 5 6 
1 3 4 14 
1 4 5 10 19 
4 5 14 20 
2 7 10 21 
1 4 11 
1 2 8 12 13 
5 10 17 19 25 
6 7 21 22 1456 
1 2 20 
4 5 10 13 
7 8 10 26 
2 4 28 
1 5 6 10 20 
3 4 23 
1 4 10 13 19 
1 4 9 22 37 
1 2 16 25 31 
2 4 13 17 
1 7 18 25 36 645 1427 
2 7 8 12 22 
1 4 12 14 39 
3 4 29 
4 18 33 
1 4 
3 10 20 32 40 1666 
11 15 19 28 35 1576 
5 10 18 28 34 1811 
1 6 16 31 
3 19 29 1411 
8 9 40 41 49 1094 
1 9 11 20 23 
1 4 20 26 50 1017 
1 3 18 44 
1 22 23 33 47 1174 
4 19 31 32 40 
1 10 29 34 42 
1 4 28 40 
4 10 16 29 45 
1 23 33 34 50 1215 
2 4 16 32 
2 3 13 56 
11 13 14 33 38 304 
7 11 19 41 
1 2 11 37 65 255 
1 2 4 18 30 
1 5 11 52 64 
5 6 25 36 49 
4 15 21 28 41 
1 31 39 63 68 
14 19 24 27 775 
4 7 17 28 36 
2 41 49 50 51 707 
1 23 25 27 42 
1 13 17 33 68 
4 5 28 36 57 852 
1 2 4 5 33 
9 16 23 39 58 
1 21 31 36 
2 23 38 52 77 
5 7 12 20 76 
3 4 8 10 13 
1 61 77 
4 11 14 34 54 
1 7 40 46 52 
1 2 4 76 188 
4 11 52 84 
2 4 22 57 1828 
1 4 19 35 38 
10 35 56 62 65 
4 15 25 27 51 
7 12 28 44 54 2001 
4 6 38 50 51 1661 
1 6 19 70 71 
4 28 36 62 63 1043 2030 
6 29 33 54 83 
1 3 25 43 51 
1 2 4 91 
1 2 9 15 40 
4 27 28 45 876 
1 79 92 96 97 1044 
2 3 44 82 97 
10 44 87 103 1973 
3 13 24 64 78 
4 29 39 79 80 
1 7 59 91 94 
5 6 17 50 55 1954 
3 4 14 29 93 
1 3 4 28 50 
1 4 37 64 76 
1 4 26 78 
2 51 55 72 
7 26 63 79 105 
15 28 45 88 93 1668 
15 23 24 26 94 
4 14 48 54 64 1062 
21 25 29 35 71 
1 10 22 49 72 
1 4 6 34 49 
4 64 92 109 115 
4 10 24 120 1096 
1 2 6 14 69 
2 4 10 40 91 
11 28 40 50 123 
4 14 25 37 95 
1 5 29 40 52 
2 6 32 35 87 1436 
1 3 5 37 39 
4 8 28 36 37 
1 40 65 72 89 
15 28 29 76 118 
1 10 52 112 114 214 1905 
1 13 16 113 1499 
1 29 46 62 106 697 
41 47 89 95 100 
5 45 64 73 83 1994 
1 2 68 86 93 
4 15 20 52 88 
8 22 69 121 138 
40 46 66 70 97 372 
2 37 50 76 112 
4 31 32 47 126 
2 4 8 54 97 
42 46 66 72 132 648 
1 4 44 85 
4 18 54 78 87 
13 28 38 90 110 
1 4 5 7 87 
12 16 24 59 149 
2 35 81 84 95 
1 4 20 35 79 
1 11 49 98 112 377 441 
1 4 13 68 
23 82 89 97 100 1919 
4 11 40 96 139 
4 29 49 97 140 
9 21 26 48 58 
1 31 63 94 
4 5 11 94 133 1246 
16 28 40 52 139 
33 81 84 89 94 
19 55 58 94 146 1626 
4 97 116 125 126 
1 35 42 162 
1 3 4 96 127 
1 33 114 
10 21 54 127 142 
2 6 26 52 116 
13 38 71 87 
17 26 95 156 167 
2 42 102 128 135 1340 
1 4 36 120 
7 13 51 88 122 
2 9 10 30 139 
1 52 70 123 173 
45 50 150 153 171 
9 58 69 75 128 
4 72 90 100 124 1131 
1 2 13 63 107 
2 44 84 108 171 1508 
16 19 24 34 159 
1 8 10 26 117 
1 16 35 116 141 
13 49 97 119 159 
63 108 146 153 
1 13 39 71 83 
2 97 148 176 179 
84 97 102 116 157 461 
4 19 29 50 177 179 
1 19 24 26 52 
14 20 32 87 124 1291 1499 
1 23 31 40 98 1443 
1 4 10 26 144 
2 36 42 89 107 
5 16 57 80 183 
4 6 57 106 196 
1 4 29 51 86 
1 4 37 41 63 
24 40 48 131 194 
4 19 45 123 
4 9 57 123 170 
1 4 5 86 158 
1 7 52 139 182 
23 65 96 106 128 
4 29 35 46 119 
1 52 60 98 158 
10 44 97 143 158 1519 
5 24 34 134 193 
1 2 22 94 152 1169 
22 96 149 156 178 788 1077 
4 5 19 171 184 1660 
29 34 45 211 1111 
1 51 152 153 213 1050 
19 32 113 121 122 
45 86 107 154 165 383 
5 73 98 160 195 
1 19 28 32 119 
1 2 4 19 153 
16 30 55 58 119 1947 
4 49 69 88 182 1177 
10 45 47 78 213 
10 31 39 50 121 
12 31 124 148 158 
10 45 116 168 176 
1 2 10 166 180 
10 29 41 106 120 
1 2 14 22 181 
4 13 33 98 200 
1 4 42 98 199 
50 54 133 141 200 
4 12 27 88 106 
4 25 76 80 123 
1 10 14 59 151 
14 18 39 58 186 
5 25 26 33 69 
4 11 76 112 127 762 
34 44 50 159 173 1868 
5 9 139 174 217 
1 9 58 84 
2 52 81 108 204 
18 27 62 128 177 
2 30 84 180 224 694 1488 
1 29 33 48 174 
28 40 46 52 109 
4 14 108 109 137 
5 81 82 139 193 
26 27 92 123 168 696 
2 17 28 47 119 1460 
78 152 181 186 192 
74 88 96 166 192 
1 4 7 111 212 
2 4 5 47 126 
14 45 62 139 158 
1 18 180 181 201 1696 1742 
2 4 5 26 120 
13 92 116 159 173 
5 29 93 126 165 
26 29 99 134 204 
1 4 31 140 184 
49 75 83 212 230 
10 117 124 187 203 
1 44 45 62 103 442 
28 59 63 172 260 
1 34 125 227 
1 17 31 49 99 
65 81 84 192 209 
2 39 77 122 246 
9 21 42 113 149 789 
10 40 44 78 173 
14 15 77 221 260 834 
8 54 188 199 221 
8 49 122 135 165 
36 45 46 119 215 
27 137 199 231 260 
50 66 70 76 130 
26 55 113 140 190 
1 2 46 57 85 
16 33 62 93 106 175 
1 4 15 25 72 
4 14 17 28 250 
20 81 93 115 125 
45 52 157 247 259 1621 
32 68 98 119 184 1463 1530 
1 13 188 267 275 
4 50 84 158 
12 63 152 157 223 
4 29 158 224 264 
34 73 155 173 225 
1 2 13 78 259 1983 
52 54 84 92 195 
16 39 46 156 200 
4 139 157 174 240 1145 
47 52 81 250 267 
36 66 112 176 220 
1 8 44 45 282 
5 51 154 261 809 
1 64 82 179 258 
1 106 117 155 283 
34 37 76 107 120 
1 29 143 150 260 1265 1615 
28 46 97 166 250 1151 
20 21 59 88 187 874 
2 4 18 45 100 
10 13 28 166 311 1980 
1 4 53 134 201 
10 20 119 144 265 
50 52 174 225 305 
35 97 179 205 305 1522 
3 6 60 145 281 
4 22 40 73 129 
5 120 179 217 1704 
3 146 184 216 305 1537 
7 39 48 62 246 838 
15 16 59 65 199 
5 116 124 180 208 
19 46 62 85 127 
101 174 189 213 294 
10 36 53 143 150 
1 10 46 102 174 
20 21 23 135 277 278 
6 10 16 62 205 1489 
4 66 157 239 252 
4 130 184 311 320 
4 190 221 259 270 1958 
4 10 44 148 320 
47 99 179 228 299 
2 4 6 16 28 1092 
4 13 116 135 277 
4 42 52 83 306 
63 72 180 181 191 
7 33 56 71 227 
1 104 158 308 1228 
10 26 43 45 158 
1 12 47 174 175 
5 13 92 223 226 
42 50 52 138 257 
1 137 156 232 304 
31 70 77 138 302 
18 22 142 167 185 
66 68 98 227 250 
25 28 71 84 117 
7 18 68 125 140 
4 23 78 150 306 
2 72 305 327 
1 7 71 239 323 
71 91 113 164 277 
3 13 95 100 264 
4 13 51 178 202 
7 14 16 30 264 
1 26 116 170 306 
4 39 134 169 195 
18 129 160 188 306 
88 122 156 188 
4 84 93 183 267 
14 40 78 83 85 
55 73 125 130 204 
15 149 155 171 276 
4 12 25 47 269 
44 173 220 250 340 
21 88 129 139 187 
4 21 82 212 328 
92 149 196 271 359 
12 14 28 72 275 1047 
3 34 41 97 248 
20 68 109 114 139 
4 71 97 118 328 
21 50 55 92 99 
23 59 68 105 274 
2 10 21 53 97 
4 40 57 79 290 
4 52 97 123 267 
2 20 97 215 278 
2 11 212 314 360 
8 88 165 328 346 
17 39 95 128 347 1330 
2 15 66 129 206 
4 149 173 208 367 
10 13 20 25 269 
1 5 14 63 244 
1 4 107 167 231 
11 64 220 330 340 
1 4 18 45 138 1016 
10 35 42 313 370 
6 8 120 266 328 
132 195 267 303 367 
35 52 182 292 305 
1 11 36 73 138 
6 82 151 158 354 
9 12 67 75 178 
20 37 79 160 329 
10 44 46 232 330 
5 10 23 134 217 
4 22 63 165 363 
49 73 86 304 313 
13 47 182 373 387 
4 26 28 110 113 
1 28 35 145 348 1240 1400 
6 29 34 62 355 
27 97 201 293 319 1468 
32 60 63 75 93 
11 60 127 275 398 
9 52 144 205 237 
2 49 87 191 1957 
2 35 166 329 332 
4 17 33 81 392 
1 86 160 230 290 1538 
1 7 16 36 250 
50 51 97 177 219 
1 5 37 165 408 
2 4 11 146 308 
18 35 54 239 340 
4 5 89 150 201 
13 199 225 308 395 
25 39 92 279 396 1354 
12 106 127 187 194 
158 217 320 338 388 1818 
4 40 48 91 405 700 
15 63 127 183 239 
20 23 72 113 288 
17 25 35 40 76 805 
2 87 126 161 226 
20 29 124 186 213 
1 8 11 57 320 
17 40 58 212 223 
146 230 257 289 312 
4 5 104 157 179 
2 29 94 173 
160 178 179 330 376 
20 23 44 53 196 
52 148 157 159 327 
4 7 78 201 202 758 
4 128 171 337 384 
33 85 96 416 419 
103 148 267 293 
4 13 96 139 310 1611 
19 29 70 224 431 665 
34 50 51 93 165 
27 77 112 135 306 
5 125 333 380 409 423 
8 76 101 221 289 
2 62 85 128 137 
1 6 64 98 326 
2 133 190 248 397 
1 7 18 78 340 
34 52 154 327 344 
62 64 70 200 355 496 
63 106 134 139 384 
60 98 115 230 408 
21 63 174 220 255 
16 62 77 102 174 
10 84 229 299 308 
75 78 153 174 301 2004 
28 96 112 126 419 
45 76 102 191 195 
126 139 179 318 408 
10 40 135 149 279 
7 30 221 247 404 
5 12 77 145 242 
26 42 143 158 312 
1 18 28 116 172 1258 
12 30 51 130 322 
10 181 231 340 342 
2 28 73 76 91 
1 92 139 275 449 
66 82 181 187 276 
34 60 64 197 309 
1 95 124 139 373 
13 18 82 139 242 
1 13 187 269 277 
53 177 235 278 304 
1 92 183 195 203 
1 94 113 449 1627 
120 205 291 345 446 
41 46 97 159 280 414 
4 36 143 183 287 360 
1 100 243 363 439 
4 145 295 372 373 
98 107 113 129 195 
14 45 219 289 385 562 910 
8 9 222 263 396 
1 30 72 290 400 2009 
20 153 235 358 433 
1 141 230 287 394 
14 154 336 384 482 825 
4 5 16 38 269 
17 28 36 324 403 
1 4 292 329 366 
44 109 201 361 410 562 
29 97 228 290 408 
2 129 131 165 380 
1 193 340 462 491 
1 15 31 259 
49 137 212 232 415 417 
10 26 28 98 278 
13 16 62 92 
18 202 321 329 430 
54 89 107 128 201 
13 55 63 368 404 
2 5 7 92 227 
25 29 164 174 202 
11 17 237 338 451 
1 102 109 317 456 848 
2 42 64 143 165 1465 
52 202 240 248 267 
4 26 125 128 475 
4 7 29 211 404 
24 57 98 341 490 
1 112 241 259 497 
5 78 97 317 415 
3 39 123 311 430 903 
8 49 81 86 183 772 
4 39 87 221 449 
18 114 145 151 400 
13 15 164 380 391 
2 4 111 143 
5 14 88 98 126 
11 15 24 457 502 
26 158 178 259 290 
12 25 80 94 317 1910 
9 28 153 285 409 
28 64 188 246 283 
15 312 365 394 463 1048 
40 155 208 492 518 739 1665 
7 74 92 134 425 
4 20 171 209 240 1552 
2 32 51 78 263 
2 32 193 240 498 
15 94 97 268 403 
123 275 299 388 466 
4 63 106 107 253 
48 66 222 230 490 523 
1 4 92 237 405 1206 
1 15 72 88 314 1216 1620 
23 32 99 332 505 1726 
13 27 87 153 245 
12 93 124 180 403 1555 1609 
4 25 74 120 431 
7 31 58 190 308 
27 42 165 308 500 
101 239 265 329 523 
32 372 460 463 528 
25 45 194 209 336 
4 90 152 
20 249 330 362 365 
1 112 259 515 542 
20 60 204 208 332 
59 171 242 248 290 
1 27 29 45 159 
109 130 157 288 328 
10 17 34 337 466 
4 126 196 205 228 
1 59 63 124 216 
81 98 275 293 438 
95 126 205 367 502 
4 20 97 327 
26 66 139 171 504 
2 3 19 32 463 
18 140 196 323 463 
2 13 19 144 360 1614 
24 65 133 283 528 
1 2 87 114 149 
87 110 179 308 559 1630 
4 10 83 231 536 
97 161 225 235 379 
49 192 269 486 528 
11 65 127 427 428 781 
167 324 344 420 450 
4 45 542 557 1818 
2 28 66 200 414 
1 128 271 341 421 
28 35 40 175 204 
1 6 85 152 264 
4 40 129 220 490 
1 28 173 202 340 
78 112 129 133 201 
10 36 110 152 163 
2 26 271 470 528 859 
4 66 207 491 495 1235 
1 10 113 256 323 
1 84 169 377 568 
58 75 98 355 386 
46 62 159 378 547 
47 104 166 438 581 
8 61 65 98 134 
26 102 183 184 352 
22 33 64 126 299 
4 324 423 530 553 1629 
34 186 228 469 484 
1 4 179 463 554 
32 173 249 304 
1 196 375 529 530 1310 
32 134 222 559 591 
31 127 229 506 538 
4 34 125 147 548 
13 80 205 474 504 
4 66 194 243 545 
2 4 10 11 320 
13 33 183 215 253 1064 1714 
4 16 253 263 284 
4 113 125 470 476 
18 38 174 565 589 
1 4 17 130 546 
13 32 120 146 273 
1 52 196 475 590 
26 29 330 396 431 
20 54 187 261 317 596 
14 82 97 463 582 1876 
5 7 38 186 534 
6 291 336 485 578 
9 11 17 19 511 
92 94 174 181 245 
7 72 87 199 212 
1 28 156 510 564 1533 
4 131 290 367 481 
1 5 35 107 306 
22 32 77 83 222 
4 73 98 113 126 
94 174 235 359 530 
28 50 76 105 132 525 
4 79 375 
49 72 265 329 355 1545 
10 116 187 463 
97 276 459 482 529 1246 
25 217 258 285 550 
1 5 157 422 442 
78 96 263 340 352 
10 19 52 170 301 
165 441 600 616 
9 12 18 81 595 
19 485 529 584 617 
7 30 34 159 242 
4 70 84 156 466 
2 49 151 198 215 1392 
119 147 195 227 269 
40 64 129 375 546 
1 18 376 485 551 
31 171 367 529 608 
138 153 272 490 505 
106 304 443 509 538 614 
13 29 30 247 294 
18 25 194 281 422 
15 64 149 209 388 2028 
2 10 40 278 308 
5 16 39 365 481 
34 68 106 466 481 
4 23 72 147 319 
199 270 275 279 476 
80 200 432 532 536 
24 32 257 543 587 
12 94 196 237 334 
26 122 193 216 549 
13 38 47 294 632 
1 4 16 420 539 
2 30 78 168 425 1466 1550 
88 232 264 319 416 
1 40 117 134 314 
27 87 192 221 458 
25 31 88 358 448 
23 209 471 490 491 
3 4 21 278 437 
12 34 114 325 359 
5 93 114 122 378 
4 37 129 251 
4 133 447 464 550 
82 92 123 139 190 
36 49 143 342 540 1818 
66 121 168 195 412 
1 283 338 431 594 
20 21 28 62 641 
1 12 233 458 477 1979 
29 35 46 245 547 
4 126 246 459 550 
2 4 8 18 273 
1 23 26 47 529 
98 140 206 446 559 
13 89 339 576 666 
1 33 394 431 609 
25 95 285 463 477 1206 
6 13 139 427 525 
124 144 222 428 521 
94 109 183 193 607 
5 47 111 113 153 
4 119 157 187 446 
1 19 112 220 409 
51 59 81 186 214 
15 51 113 201 485 
11 26 53 63 256 
1 92 115 276 618 
4 91 267 322 
44 90 152 423 629 
28 139 144 165 386 1387 
13 33 44 59 586 2045 
139 147 586 604 621 
97 220 295 390 586 
152 386 486 653 674 1911 
56 105 213 263 497 687 
215 268 453 462 516 
2 28 42 288 640 
5 73 126 376 433 
106 188 257 283 656 
4 7 29 59 370 
35 116 133 396 607 
5 238 389 591 636 
5 66 327 573 688 978 
20 336 343 416 466 
12 216 271 554 665 
41 62 83 331 462 
1 10 97 561 690 1100 
5 194 366 550 561 
62 68 99 372 519 
19 171 399 611 658 
8 13 20 116 183 
23 112 213 217 712 
145 153 212 223 561 
58 158 419 438 563 
16 143 271 467 511 
4 7 12 20 528 
77 327 422 473 492 
5 7 68 257 573 1544 
102 177 251 432 681 
62 237 510 538 649 1464 
5 196 198 435 458 
57 68 425 428 628 
173 193 263 265 523 
62 295 348 514 590 1294 
52 101 346 505 634 
32 138 223 236 714 1594 1724 
266 269 503 649 685 
111 213 217 377 597 
1 6 123 165 193 214 
22 92 97 313 650 
13 152 272 292 458 
56 137 156 339 584 1042 
6 14 174 294 449 
78 155 160 343 571 
10 227 274 432 670 
20 143 229 476 652 
2 7 265 635 
2 33 34 174 565 
21 57 155 267 489 1818 
96 112 202 466 675 
8 15 53 613 622 1558 
1 16 147 181 304 
50 131 305 392 508 
37 91 306 591 696 
85 103 203 343 382 2037 
6 195 360 419 451 
20 58 112 240 565 
32 170 274 429 510 
173 264 516 561 567 888 
1 56 366 457 561 
21 104 108 129 659 
84 98 127 158 173 
5 99 295 457 467 
51 71 77 126 339 
6 51 150 440 590 
19 20 180 217 257 
253 342 362 438 719 
4 32 261 315 367 
21 23 37 98 327 
33 167 174 300 476 
4 23 52 203 522 
1 51 234 298 314 
1 25 56 81 273 
42 110 124 267 416 
10 40 75 172 253 
20 142 184 555 560 
126 153 416 543 686 966 
42 201 212 275 694 1080 
4 225 390 426 559 
4 51 86 270 1568 
1 7 126 206 336 
1 53 308 396 579 658 1877 
58 106 133 216 422 
4 165 304 412 431 
4 15 20 56 66 
12 53 212 298 569 
132 137 250 317 522 
3 72 83 172 490 
10 37 65 206 226 1158 
45 55 116 203 649 787 
10 57 97 211 599 
73 79 97 500 510 
1 58 206 493 582 
2 8 10 119 313 
160 363 503 666 729 
35 50 159 476 716 
4 55 148 208 520 602 
25 26 32 72 131 
319 333 459 579 694 
6 193 322 346 597 
59 130 160 342 396 
4 50 98 228 366 1794 
7 137 277 278 539 
14 76 105 155 478 
30 82 120 182 559 
2 20 253 541 599 
5 83 97 225 232 
36 39 223 308 529 
4 11 94 135 532 1670 
1 285 322 388 
1 369 466 548 723 1229 
82 132 343 557 785 
4 12 429 480 757 
40 66 273 363 697 1639 
296 308 468 490 579 
18 45 148 615 693 
4 358 439 458 
37 134 354 459 554 
17 24 108 324 449 
30 167 339 527 722 
60 83 397 436 481 1749 
1 29 324 488 634 
11 63 139 211 275 1886 
50 74 463 509 590 
160 179 265 738 793 
29 217 355 366 
32 40 88 109 428 
76 117 124 196 308 
12 39 238 277 
33 55 98 313 561 
13 106 137 160 308 
1 143 369 652 765 
22 102 209 249 631 
36 84 86 132 214 
32 159 165 166 500 
1 19 407 641 722 
4 99 125 183 204 
109 178 297 330 552 
101 181 216 706 789 
7 106 217 287 425 
37 195 235 253 325 
4 36 286 538 682 
13 198 388 461 480 
33 66 160 381 522 
35 52 236 340 460 
12 148 153 320 428 
1 7 13 208 378 1440 
4 34 188 449 
58 122 278 335 577 1444 
48 111 294 630 801 
4 486 648 748 826 
28 94 590 656 767 
40 52 66 90 348 
5 9 29 198 693 
20 179 269 745 
51 52 119 190 791 
26 78 212 217 482 
1 33 450 571 685 
173 272 489 528 776 
31 207 299 325 487 1433 
21 193 434 593 750 
153 233 373 697 803 
372 482 623 652 677 
1 42 67 89 
28 40 84 142 251 
5 159 270 648 733 
1 140 316 402 729 
52 202 276 767 769 
3 32 37 128 227 1591 
4 89 205 634 641 1943 
4 199 332 413 850 
63 124 131 276 338 
144 240 307 440 738 
6 58 269 641 831 
6 44 153 262 574 586 
10 26 172 250 668 
1 3 51 85 126 
10 41 173 381 663 1143 1889 
40 50 152 168 641 
139 446 696 866 871 
113 215 324 362 451 667 
416 438 439 461 490 1389 
33 82 199 355 397 
22 195 269 493 545 
1 33 47 449 633 1123 
4 27 105 262 731 1519 
97 174 392 660 804 
33 49 152 399 429 
99 174 179 387 622 
13 37 346 436 591 957 
33 37 63 358 734 
13 157 191 207 497 785 1578 
15 111 204 506 532 
18 223 511 587 797 805 
62 394 551 559 652 
13 158 170 458 677 
1 102 107 223 720 
4 45 260 484 
173 433 551 667 733 
4 191 331 394 847 
4 212 516 721 843 
120 145 416 448 869 1588 
25 29 34 626 715 
263 407 529 600 798 
4 131 180 210 569 
44 192 243 606 895 
11 13 33 164 850 
204 282 389 510 600 
8 63 76 101 165 411 
1 83 347 466 669 
28 196 250 348 
14 50 297 573 634 
16 285 304 395 397 
7 12 46 117 476 1545 
373 410 594 687 791 
98 286 470 593 866 1774 
32 102 107 383 403 
4 37 84 146 642 
13 56 141 158 267 641 
9 65 174 734 1178 
92 313 715 778 895 1454 
21 25 42 147 725 
174 181 695 756 803 
5 9 233 308 581 
1 2 5 366 627 
612 616 767 768 776 
2 107 124 291 623 
26 63 88 213 548 
10 14 523 622 789 1389 
29 44 135 370 396 
36 91 97 198 485 
13 146 200 215 595 
300 374 483 694 738 
4 24 148 466 916 
4 6 33 109 729 
81 315 485 827 864 
76 278 357 453 493 817 
9 35 231 238 600 
1 483 509 842 909 954 
297 327 473 476 639 906 
6 15 22 550 636 683 1859 
6 11 279 461 704 
59 173 307 454 475 
37 394 648 789 901 1484 
13 324 329 433 538 1966 
56 73 84 222 909 1488 
14 66 98 139 503 1060 
12 97 236 534 769 942 
2 24 372 398 824 
1 70 158 305 716 1925 
45 123 154 409 808 
10 78 518 697 763 
2 4 138 906 923 
1 42 149 554 791 1773 1936 
1 28 101 226 888 1865 
87 106 385 395 792 
12 47 196 528 822 1697 
4 113 143 230 515 
78 174 313 329 848 
3 13 31 50 131 
95 113 182 439 441 
19 32 70 97 304 
5 142 461 862 935 1538 
12 43 82 105 638 1742 
55 71 460 591 655 
31 109 158 278 745 
20 80 237 657 871 923 1243 
25 87 93 317 876 
30 50 97 158 180 
1 198 206 449 778 
2 52 269 274 802 
2 489 693 729 870 
28 47 393 403 807 
7 490 571 623 918 1596 
1 168 201 405 624 
153 293 305 372 912 1557 1600 
25 225 712 771 903 1454 
81 83 86 171 310 
22 47 193 367 556 1543 1810 
23 96 481 533 706 858 
48 120 190 369 575 
4 10 58 267 338 
100 152 339 551 928 
319 331 395 677 937 
126 167 185 891 927 
45 327 372 510 784 
2 16 93 212 303 1330 
76 87 187 257 310 
1 33 125 381 903 
81 362 376 492 809 
122 236 349 408 746 
137 153 168 522 776 
2 20 449 808 968 
15 60 80 93 375 1174 
68 143 163 593 639 1542 
4 39 532 816 1088 
50 429 472 478 789 
5 14 31 253 924 
181 251 328 396 873 
10 258 278 463 509 
33 117 174 430 918 
4 100 373 429 486 
29 31 153 867 941 
138 177 280 308 733 1960 
3 10 295 402 849 
2 56 116 759 885 1463 
46 201 260 711 873 
26 62 140 196 200 1707 
51 135 189 468 764 
55 84 258 420 512 
21 65 156 278 855 
1 120 191 562 1023 1772 2029 
29 47 96 220 438 2031 
2 13 14 423 862 
28 276 296 309 519 
40 139 155 465 563 
4 167 174 398 891 
4 9 27 143 900 
152 262 695 721 748 
18 37 75 348 354 2020 
216 487 512 630 632 
126 138 224 347 914 1780 
34 62 196 317 807 
25 58 403 489 677 
86 420 509 596 965 
4 5 430 523 
31 183 413 489 673 
30 138 482 623 912 
7 20 58 909 1017 
29 44 121 374 593 
30 267 459 460 869 
13 152 214 595 
1 4 97 124 945 
27 94 199 286 807 
83 366 433 485 974 
5 38 231 531 659 
4 11 475 630 996 1889 
436 448 564 616 849 1302 
10 31 474 499 875 
5 15 188 787 903 1348 
64 152 336 478 483 
52 58 679 903 
1 399 541 564 713 
94 220 255 346 966 
52 179 276 817 965 
62 406 457 548 566 1348 
1 5 108 312 985 
112 144 186 510 905 
58 143 297 304 647 1707 
375 378 722 782 907 
2 27 81 116 883 
16 42 300 437 489 
97 161 234 519 1015 
24 63 100 113 692 
25 160 573 584 643 
92 299 497 570 928 1473 
1 158 305 563 740 
58 156 440 563 609 
10 174 200 355 
18 100 194 420 573 
30 42 938 1018 1024 
44 50 140 259 832 
13 48 168 193 597 
20 52 64 491 688 
31 180 346 403 725 
16 68 128 270 923 
35 113 335 780 911 
245 532 731 827 1012 
37 40 106 473 566 1042 
29 126 359 409 832 
10 468 478 487 508 
3 116 237 616 818 
54 113 119 202 383 1855 
3 4 18 585 930 942 1409 
338 383 480 858 1058 
25 83 315 364 594 
14 78 98 586 662 
28 29 160 172 707 
64 151 285 291 451 
106 224 239 470 927 
130 168 183 208 604 
34 138 543 559 977 
240 447 708 812 928 
2 59 124 847 987 
4 275 363 528 605 
4 294 448 851 925 
165 300 506 628 689 
4 7 35 401 989 1652 1767 
24 214 688 896 1059 
28 99 159 201 594 
4 35 50 84 1033 1975 
26 130 139 289 806 1780 
8 82 128 663 883 2020 
27 35 561 586 593 812 1494 
40 363 439 654 935 
47 173 240 248 652 1999 
1 20 22 83 770 
16 40 220 426 765 
5 481 486 890 960 
51 68 624 871 872 
82 190 364 381 534 
13 52 55 259 949 
153 460 650 725 832 
186 345 436 459 1000 
4 6 88 361 901 
39 100 274 624 641 1682 
11 119 466 684 1068 1647 
10 198 250 974 1079 1616 
2 4 50 707 1081 
25 28 156 276 446 
4 21 198 617 1078 
128 129 284 918 1103 
13 29 147 434 443 
13 39 82 232 482 
62 135 523 623 881 
10 25 401 544 629 
130 229 235 546 722 
4 22 275 332 1079 
276 299 515 791 1048 
1 104 719 880 980 
40 135 149 276 799 
4 685 788 836 1035 
1 5 135 259 460 
32 124 128 409 590 
222 284 928 1061 1092 
243 371 514 610 840 
41 51 173 208 931 1687 
32 65 680 711 820 
4 374 582 736 781 1500 2024 
38 196 523 893 999 
3 4 135 157 317 
126 172 483 757 763 
66 487 842 
1 20 57 173 357 
4 47 363 442 692 
33 52 203 339 420 
181 243 267 337 1046 
10 37 116 485 1115 
24 61 343 544 693 
40 130 509 602 751 
25 148 354 428 971 
4 225 230 253 416 1857 
46 157 307 816 
442 497 593 619 723 
1 34 37 274 817 
247 551 584 623 746 
1 98 124 226 1013 
9 82 528 798 854 
50 204 282 285 789 
172 431 511 607 895 
4 246 310 685 936 1712 1821 
10 225 678 928 1064 1215 
5 642 647 964 
165 179 198 697 840 
10 25 73 611 1080 
1 4 159 570 962 
78 88 272 710 720 
298 318 407 848 928 1453 1848 
4 127 208 407 863 
1 183 415 976 1118 
28 29 143 808 984 1030 
4 112 151 405 1018 
19 40 380 617 1033 
1 7 16 86 716 
52 78 109 219 697 
1 36 97 229 840 
1 29 179 510 
4 37 194 348 943 
32 79 153 662 959 
82 554 711 782 998 
7 34 549 952 1113 
241 439 491 563 759 
37 52 135 675 930 2024 
10 37 78 670 1071 
4 541 620 738 916 
34 182 237 433 705 808 1750 
24 30 213 688 1144 
2 29 140 504 766 
2 457 565 642 1061 
19 169 328 927 1038 
34 211 253 388 1048 
2 256 263 528 752 
2 37 72 101 574 
36 42 56 151 432 
1 82 774 997 1136 1208 1366 
210 650 668 718 879 1589 
114 247 624 791 927 2008 
1 4 302 814 989 
8 724 763 869 1150 
1 12 111 198 827 
1 8 215 217 387 
22 97 363 438 692 
1 14 86 540 653 
105 659 665 748 773 1677 
1 28 171 423 
42 52 159 494 590 
52 56 692 838 978 1015 
50 122 165 732 846 
2 230 285 407 
45 98 160 367 436 
3 156 408 658 875 
107 137 182 730 947 1898 
19 117 173 543 712 
1 12 29 54 693 1832 
127 167 637 883 
19 75 98 188 354 
18 27 508 742 772 
470 476 590 776 1059 1835 
1 148 524 707 1169 
1 4 22 43 147 
3 81 123 1183 
3 32 290 530 828 
2 36 157 612 1151 
29 45 153 269 1102 1313 
140 579 611 771 1206 
29 122 273 415 506 
160 266 619 1059 
216 313 415 462 891 
1 4 92 262 789 
11 78 199 368 729 1791 
5 74 283 1039 1069 
29 211 475 590 1152 
4 57 78 785 851 1025 
20 54 296 860 1141 
1 35 447 788 895 
96 151 420 493 1144 
213 306 383 449 498 1464 
27 44 92 378 463 
21 198 708 848 920 
25 50 431 495 684 
9 13 158 777 853 1765 
4 466 520 829 1137 
4 22 73 659 806 
71 591 751 836 1178 2011 
29 34 36 257 308 
5 202 570 633 1183 
62 251 292 851 995 
1 4 578 736 1213 
1 87 93 587 643 
28 99 101 305 1023 
216 676 716 951 1192 
44 183 474 915 1193 1401 
89 551 883 1086 1124 1532 
27 178 184 204 484 
2 119 160 174 
1 70 96 168 998 
100 300 301 489 842 
28 196 482 986 
2 28 152 332 435 
4 14 33 933 1198 
82 172 267 307 1054 1489 
24 29 174 590 1139 
164 180 370 967 1101 
1 83 289 443 1119 
16 260 473 492 956 1453 
53 58 69 292 985 1490 
18 28 219 731 755 
120 221 381 532 836 
206 357 428 928 1131 
10 727 746 904 963 
1 8 144 990 1179 
4 82 179 802 825 1535 
27 188 712 1003 1034 
269 653 784 788 957 1213 
1 113 860 887 1161 
13 76 180 466 675 
87 263 801 1059 1152 
9 96 109 620 664 1799 
4 33 277 415 1191 
28 315 594 952 1217 
68 318 370 490 813 
24 108 260 375 534 1952 
4 95 369 550 569 
257 293 354 482 1241 
10 58 323 425 609 
34 152 290 321 394 1624 
16 276 811 947 1037 1783 
4 73 358 715 927 
5 40 93 165 608 
31 86 190 217 665 
3 416 470 513 529 1049 
4 38 298 301 390 2031 
4 238 585 859 876 881 
12 17 30 53 158 
109 146 323 755 915 
32 73 379 989 1192 1813 
11 23 87 125 1028 
1 80 199 215 340 
449 587 602 623 1275 
234 510 551 1048 1115 
30 49 145 215 233 
3 603 617 846 856 
2 143 148 166 799 
8 157 167 763 970 
37 174 404 552 586 
35 52 306 1042 1234 
265 355 444 796 1079 1891 
22 24 63 320 327 379 2025 
1 4 174 883 1171 
1 4 68 982 1026 
17 146 396 832 1182 
4 14 29 172 1262 
1 249 414 1059 1256 
23 291 504 552 1183 
14 19 159 308 586 
21 33 351 427 458 
6 250 339 695 1040 
6 53 484 504 1207 
165 247 283 332 819 
21 44 108 122 1055 
165 463 487 790 1233 
4 39 692 986 987 1243 1619 
1 95 536 772 1156 
33 404 684 753 885 
312 437 764 803 1179 2012 
3 8 409 518 533 
33 64 739 779 1110 
44 85 555 575 1200 
29 382 570 797 930 
6 728 1113 1149 1275 
38 95 345 934 996 
123 287 854 1035 1039 
4 693 817 1198 1239 
6 24 42 77 364 
1 178 180 196 475 1943 
27 28 33 449 697 1502 
4 37 113 416 896 
4 7 322 391 832 
100 111 496 727 872 
1 28 145 551 1209 1805 
35 97 128 213 1289 
16 34 101 140 396 
4 108 130 222 370 
45 109 206 492 1170 
26 83 397 461 467 1735 
103 114 163 322 942 1066 
26 269 466 522 1215 1859 
28 253 306 732 742 
22 36 94 956 1121 1848 
48 391 418 445 803 
109 235 313 524 1181 
476 528 739 887 990 1413 
5 181 989 1047 1244 
10 116 179 286 1255 
4 22 484 696 1302 
4 506 648 657 1194 
343 472 527 881 1221 
1 275 407 423 923 
426 449 466 609 1337 
35 381 901 1245 1289 
4 13 54 785 1085 1176 1187 1501 
171 203 224 295 522 
13 29 325 598 1343 1717 
149 346 364 379 975 
2 52 131 532 620 
95 354 621 962 1157 1690 
5 157 212 808 1015 
122 283 736 881 1137 1570 
133 150 591 844 1299 
6 165 357 497 1323 1869 
16 116 143 299 302 
25 26 58 158 1345 
7 468 626 905 1155 
82 411 431 481 1167 
99 149 622 637 1218 
100 793 826 1099 1153 
4 63 176 515 827 
93 97 523 778 1053 1507 
3 331 705 950 1204 
4 187 217 250 261 1830 
1 39 82 308 729 
463 528 796 827 921 
2 135 229 308 631 
36 165 249 523 1290 
1 4 33 
1 4 222 482 820 1566 
28 58 175 178 414 965 
10 159 224 330 1275 
159 174 770 854 1150 
15 136 599 711 757 970 
2 11 368 729 1218 
93 260 717 1246 1263 
22 88 271 459 599 
1 4 45 342 686 
89 193 259 371 1086 
87 271 491 791 1284 
17 272 283 309 1163 
40 205 212 369 892 
2 10 199 283 706 
19 65 223 676 774 1725 
113 429 529 823 874 
2 54 116 332 1233 
20 430 475 789 1205 
1 145 866 1027 1315 
526 663 888 1147 1262 
297 564 1006 1064 1251 
103 135 560 583 984 2031 
190 230 671 807 1068 
16 83 249 632 984 1280 
202 680 716 1023 1080 
1 7 110 574 958 1008 
6 73 270 539 1069 
59 354 366 462 753 
15 80 227 447 463 699 1134 
1 10 47 81 
101 140 160 589 957 
52 176 833 1225 1369 1894 
29 58 168 767 1013 
78 179 303 586 669 
93 330 502 762 1150 1541 
1 2 212 617 900 
4 24 413 432 1007 
1 9 170 665 973 
15 58 241 329 808 
10 52 302 1019 1300 
13 112 196 286 782 
26 32 64 90 97 
10 263 271 713 754 
8 27 107 482 954 
2 4 59 159 928 
26 33 179 583 1358 
2 9 590 1148 1371 
203 314 499 759 920 
201 330 639 658 945 1770 
217 662 716 930 1254 
97 196 750 895 1133 
32 40 101 169 466 1727 
1 40 57 685 760 
29 250 390 423 852 
98 135 260 327 1367 1992 
255 417 573 657 1144 
107 294 348 928 1076 1464 
16 149 202 733 1185 
1 5 9 143 503 
46 59 68 867 985 
44 329 426 776 1399 
181 195 609 937 1168 
4 15 196 405 555 
1 2 1026 1123 1133 
12 79 126 449 1382 1716 
4 29 606 787 1273 
2 49 761 947 1277 
237 452 877 885 933 
329 330 363 557 912 
263 576 588 885 1134 
1 26 99 373 1344 
2 428 925 949 991 
11 135 304 407 1418 
109 974 1138 1233 1319 
59 623 822 852 1254 
91 98 130 212 419 
160 433 491 574 1434 
346 475 624 649 831 
9 143 179 1124 1343 1761 
7 72 134 631 1372 
28 29 573 613 670 1291 
4 26 49 468 948 1615 
57 466 685 799 886 
1 160 220 333 448 
17 142 435 742 1085 1280 
21 167 283 372 953 
41 538 562 1038 1364 
35 42 47 646 850 
11 33 106 738 970 
109 250 312 561 1048 1609 
64 422 616 741 916 
3 4 498 769 1010 1963 
3 62 145 701 1407 
1 65 341 364 1192 
13 55 76 285 866 
1 21 88 152 788 
22 53 54 642 1003 2014 
96 312 396 440 1105 
93 109 120 346 385 
165 248 335 883 946 
40 57 276 330 1226 
29 34 35 161 222 
29 748 898 1057 1351 
1 14 175 629 1229 
230 369 386 1182 1462 
1 34 245 506 667 
7 29 64 152 1157 
7 11 193 329 1010 
40 62 375 1070 1395 1547 
93 143 412 430 597 
29 131 367 591 1004 
20 54 169 177 815 
267 447 1044 1100 1372 1699 
2 45 147 258 657 
98 349 681 1048 1359 
275 282 283 567 717 
259 395 489 800 1124 
1 4 157 205 980 
52 174 191 588 1194 
198 548 727 862 1067 
219 381 873 1268 1487 
5 52 126 371 1114 
42 51 122 740 828 1562 
56 97 120 467 501 
15 84 297 431 1176 1339 
1 4 73 84 128 
16 766 797 1148 1351 
1 40 150 157 352 
4 166 167 306 917 
11 141 305 1028 1396 
34 78 213 1026 1497 
63 220 225 338 880 
97 330 395 438 798 
24 28 32 107 1152 
183 263 338 789 855 
14 18 24 27 405 1890 
104 183 396 626 1255 
40 76 528 758 928 1098 
101 589 982 1185 1460 
2 26 30 98 124 
248 388 534 928 1305 
188 285 606 662 1070 1595 
28 205 483 777 1097 
181 258 340 701 1498 
1 19 420 649 1406 
47 158 602 793 1083 
58 64 225 389 643 
49 170 172 195 372 
108 383 485 872 1388 
99 216 227 376 1234 
11 12 321 378 650 1378 1640 
1 199 382 491 712 
33 78 559 960 1220 
10 303 437 759 1366 
7 13 94 99 434 
66 271 407 501 1138 
379 484 590 963 1518 
10 28 235 967 1471 
1 94 276 577 765 
9 319 364 538 1104 1290 
56 161 444 977 1154 
151 204 290 1044 1086 
56 75 135 165 284 
1 50 165 174 325 
13 54 296 976 1399 
2 27 72 1057 1510 
4 13 98 371 542 
256 692 714 1466 1499 
13 196 366 934 1011 
1 257 634 659 1151 
183 192 308 1096 1433 
2 7 17 96 851 
92 538 793 1083 1228 
59 362 460 701 814 
35 169 234 254 1245 
284 538 985 1377 1473 
52 131 187 274 763 
1 199 930 952 1051 
4 21 1054 1268 1485 
13 39 805 861 1030 
4 37 45 341 1495 
135 946 1095 1180 1352 
51 80 144 214 1055 
184 388 631 935 945 
4 20 49 71 688 
13 79 387 581 595 957 1858 
50 165 511 1319 1486 
110 159 438 465 783 1438 
9 182 230 1090 1349 
73 245 529 560 600 1424 
28 158 301 315 327 
843 945 1108 1198 1480 
7 95 378 569 1318 1872 
4 23 100 228 343 1749 
14 20 511 1142 1518 
1 8 33 52 265 
4 329 638 926 1134 1143 
21 148 193 463 1217 1853 
8 19 49 174 1547 
90 98 112 521 1104 
7 246 1070 1263 
1 19 234 454 619 
1 711 790 823 902 
58 263 368 657 685 
17 57 100 341 1340 
2 4 28 98 979 
510 576 672 723 1537 
437 1011 1097 1112 1337 
198 339 759 855 1163 
4 26 1044 1048 1340 
97 155 613 722 1061 1454 
34 174 744 850 1153 
597 1074 1221 1267 
13 28 29 1345 1356 
1 4 5 880 1335 
306 675 953 1200 1223 
2 466 473 989 1251 
10 17 49 145 1119 
18 148 450 509 1418 
1 20 196 827 1360 
34 273 344 537 1198 1284 
34 281 407 565 1568 
483 1207 1222 1237 1366 1509 
15 40 553 807 907 
153 484 904 912 1290 
11 24 27 100 469 1653 
1 50 51 198 777 
2 139 206 381 1422 
23 203 218 482 1194 
82 107 380 574 723 
12 110 355 597 1384 
15 84 753 1128 1547 
184 296 653 1061 1131 
1 15 20 25 499 1415 
269 461 569 752 1048 
5 16 859 866 1959 
1 69 76 120 557 
6 83 143 403 1722 
135 237 239 935 1318 
1 20 63 238 1139 
50 260 429 1200 1500 
33 155 770 1372 1418 1989 
87 213 660 884 1379 
691 729 1088 1338 1449 1555 1673 
4 183 328 510 1602 
252 279 908 1104 1192 1447 
9 81 209 1504 1527 1940 
22 32 512 726 894 
123 139 148 463 496 
6 22 100 125 1373 1743 
70 76 161 295 1262 1651 
39 93 186 667 1185 2031 
1 94 1051 1125 1312 
287 317 543 582 834 
248 369 466 683 1053 1382 
4 54 357 529 1048 
4 51 246 317 318 
33 368 443 1101 1391 1635 
5 226 251 351 692 
4 242 523 1145 1151 
8 180 1251 1433 1466 
19 65 184 277 621 
13 657 826 1024 1624 
5 7 58 99 458 
29 554 985 1312 1508 
1 196 373 958 1192 1976 
1 45 421 672 781 1916 
24 52 74 193 552 585 
57 408 659 771 1044 
223 224 769 944 985 
28 103 108 530 1133 1473 
13 31 535 849 895 1351 
92 201 309 1083 1628 
4 69 113 1458 1561 
103 120 432 909 1189 1286 
9 52 420 751 1561 
24 98 436 972 1128 1322 
26 113 345 428 442 1857 
5 33 60 206 491 
38 49 328 351 533 1996 
20 64 721 1396 1458 
52 67 242 508 918 
7 170 317 457 667 
113 201 221 463 887 
52 290 385 513 1603 
5 109 438 706 1096 
163 300 493 1122 1344 1805 
54 82 466 527 623 
201 240 699 1134 1250 
13 52 80 165 1189 1473 
138 221 798 996 1292 
10 33 53 126 1235 1768 
7 433 995 1315 1505 
343 431 847 1300 1446 
2 145 348 1078 
24 63 293 452 689 1929 
295 489 512 722 1083 
3 470 533 874 1377 
25 212 745 1048 1116 
4 268 657 1250 
204 630 788 891 1047 
119 196 665 817 1169 1619 
133 621 973 976 1343 1826 
28 490 608 673 970 
7 31 551 655 1439 
134 436 459 677 715 
145 203 206 639 1351 
62 253 376 488 688 
16 28 317 364 1420 
10 31 92 420 1637 
36 303 360 980 1111 
267 407 478 722 877 
327 380 615 781 1398 
68 143 536 986 1273 
19 350 1025 1352 1576 
703 1048 1054 1278 1333 
64 94 512 534 1043 
205 267 576 925 1530 
1 142 145 551 1525 
79 98 187 789 1069 1961 
1 4 51 535 725 
1 35 45 423 763 
4 25 418 911 1687 
109 811 849 1030 1155 
101 560 807 1230 1270 
26 98 561 634 706 
8 157 579 722 905 1476 
148 437 646 973 1342 1937 
24 90 132 482 1679 
6 80 113 468 1158 
2 14 673 858 1378 
1 28 33 34 812 
9 388 428 923 1699 
78 319 883 899 1225 1497 
4 137 274 518 611 
2 13 347 405 857 
51 217 335 388 1018 
270 441 600 747 990 1541 
29 170 196 287 1007 
106 140 171 182 419 
42 165 309 1120 1411 
1 18 1047 1222 1439 1987 
193 403 918 962 1515 
29 36 86 860 1243 
176 362 408 986 1341 
21 32 1090 1295 1466 
194 418 578 620 1516 
17 98 147 544 1110 
64 161 169 457 1411 
36 138 497 516 1191 1324 
161 940 1173 1223 1476 
184 300 321 1142 1413 1452 
6 15 250 261 568 1307 1623 
380 723 781 1345 
46 766 991 1103 1230 
1 520 588 1110 1315 
74 111 381 598 747 
1 193 197 947 1413 1962 
160 449 583 1372 1536 
77 165 228 1088 1678 
1 7 292 682 1574 
2 97 198 312 842 
288 301 830 952 1076 
7 10 129 167 1302 
6 45 116 1504 1553 
303 326 966 1306 1634 
1 27 1129 1369 1731 
3 128 259 604 855 1052 
81 93 348 754 1523 
70 291 430 449 620 
28 96 164 535 1006 
4 16 33 503 817 
4 31 205 772 1038 
178 194 419 478 842 
28 346 522 546 1208 1952 
346 554 816 858 1188 1232 
15 40 88 255 1712 
98 140 159 363 1406 
48 517 561 1179 1200 
37 199 770 927 1346 
102 232 590 869 964 
11 94 249 690 715 
1 163 428 538 1689 
561 747 855 1031 1529 
210 260 415 451 522 
40 82 377 390 449 972 1695 
468 470 871 980 1638 1896 
182 286 322 529 582 
6 114 297 765 1095 
42 59 492 500 685 
4 62 63 748 882 
159 789 1121 1491 1659 
5 260 813 873 981 1249 
269 298 489 1379 1755 
3 17 289 305 720 
1 603 612 1219 1322 
52 69 297 778 1355 
36 64 169 490 626 
4 204 407 485 1627 
135 628 783 1078 1502 
145 371 610 1177 1652 
4 100 181 447 1317 
4 259 1058 1349 1521 
14 135 263 1301 1369 
482 610 635 822 854 1869 
4 44 833 1593 1670 
2 194 387 1363 1582 
11 50 667 760 1060 1963 
11 327 444 481 759 
1 42 240 291 677 
72 231 370 527 935 
34 88 1099 1132 1164 
40 100 134 280 1435 
73 163 779 903 963 
14 30 380 1287 1317 
446 743 846 1114 1375 1423 
2 174 623 769 884 
106 184 617 791 1729 
1 24 28 86 349 370 
93 234 522 1147 1584 
4 250 283 540 1244 
35 203 310 370 587 
38 51 247 260 567 
1 34 193 307 530 
72 257 455 1123 1553 
294 435 469 847 1728 
56 844 881 1002 1523 1960 
4 62 266 602 1737 
506 670 1123 1504 1620 
19 25 68 1348 1525 
171 260 323 489 532 
31 107 200 228 1794 
270 432 1344 1345 1583 
52 116 300 1001 1016 1955 
31 232 280 348 1126 
237 275 564 678 1301 1311 
106 161 680 959 1314 
9 100 182 209 836 
124 798 871 1110 1301 
5 13 21 996 1154 
5 98 179 526 1020 
1 13 245 1574 1820 
32 373 452 840 1481 
45 309 396 1530 1592 
25 27 644 910 1442 
126 150 840 888 1375 
1 199 298 1382 1458 
13 22 120 289 1527 
4 116 319 1526 1759 
4 76 488 557 777 
208 231 283 456 458 
6 38 76 81 1508 
23 760 838 922 1644 1890 
1 131 404 531 655 
8 408 593 1439 1457 
319 448 818 1104 1481 
168 495 734 777 789 
94 300 332 1024 1224 
10 83 116 901 1131 
153 533 594 1015 1537 
482 504 675 857 1290 
13 294 647 1145 1235 1760 
1 27 741 1128 1445 1611 
10 174 237 770 1404 
13 126 594 906 1500 
4 26 884 1127 1451 
325 380 804 1208 1288 
21 58 345 404 555 1682 
320 951 1067 1196 1315 1407 
543 707 738 1309 1369 1752 1782 
4 47 134 247 614 1674 
82 458 501 538 1702 
111 293 656 985 1103 
171 573 688 904 1133 
263 292 561 655 1679 
1 330 1244 1465 1811 
5 82 677 794 1081 
134 205 433 1739 1779 
45 291 359 491 1191 1328 
156 693 1208 1364 1376 1795 
200 420 536 1585 1842 
1 2 159 167 725 
1 22 26 34 152 
7 90 262 528 529 
1 29 439 1423 1477 
2 506 791 1519 1574 1850 
313 340 377 420 840 
1 139 761 1047 1059 
205 978 1220 1426 1738 
42 49 639 949 1712 
5 21 193 303 1566 
269 408 439 1226 1793 
10 26 49 459 677 
53 113 179 428 1517 
92 458 459 696 770 
294 318 603 661 970 
4 32 396 729 1248 
137 198 522 1107 
10 186 260 720 1165 
143 759 1305 1319 1394 1518 
26 69 543 558 1422 
35 154 255 466 1776 1790 
120 282 758 1003 1769 
12 151 197 203 1077 
2 10 131 252 1482 1935 
129 243 563 1436 1640 
229 271 391 489 1168 
179 314 711 868 1068 
22 190 945 1089 1175 
71 147 685 841 1173 
35 42 263 283 756 
13 176 577 697 796 1311 1582 
13 214 737 888 1724 
11 604 639 1441 1717 
160 199 258 1831 1867 
6 302 817 891 1055 
22 261 459 1455 1587 
3 150 406 465 1509 
2 315 340 1238 1589 
87 718 719 1136 1260 
230 276 315 1031 1854 
2 53 59 319 505 
20 92 460 1179 1547 
42 1105 1198 1244 1593 
10 138 172 1084 1545 
1 187 201 211 1520 
1 14 32 72 1233 1853 
119 348 868 1250 1315 
532 702 906 1144 1310 
97 158 1009 1413 1416 
1 130 287 372 538 1899 
148 234 254 433 1127 1848 
44 139 610 1083 1405 
1 299 1031 1802 1864 
188 199 405 694 883 1644 
14 242 535 847 1242 
4 217 225 1161 1646 
6 98 503 692 1574 
25 291 552 1450 1795 
93 987 1432 1831 1856 1961 
96 677 1199 1526 1559 
95 240 776 1112 1757 
170 237 460 635 1016 
1 269 682 834 860 
85 112 539 714 1045 1415 
511 822 1200 1344 1522 
1 29 109 742 1197 1199 
1 2 20 225 543 
143 145 173 426 1806 
173 384 436 862 1294 
47 327 591 610 1070 
107 271 512 1407 1525 
4 22 796 910 1799 
193 576 710 996 1878 
240 296 750 1074 1137 1750 
217 565 633 833 1777 
13 25 793 885 1829 
13 51 68 69 191 
155 972 1346 1417 1645 1946 
5 271 354 1048 1425 
48 97 245 653 1284 
182 325 561 883 1310 1992 
1 463 857 954 1198 
1 15 19 224 585 1935 
76 249 904 917 1573 
50 97 156 470 707 
1 268 342 428 586 
9 698 788 1629 1658 1888 
142 264 621 822 1004 1463 
1 12 71 812 1682 
4 113 141 495 1753 
159 317 514 709 1331 1815 
416 432 732 804 1207 
47 369 663 886 1797 
4 98 165 998 1812 
1 21 113 253 725 
126 414 1018 1079 1120 1837 
326 363 510 642 1565 
13 113 255 689 1684 
84 318 506 650 1244 
52 349 763 1054 1128 
445 669 803 1124 1351 
110 142 685 938 1874 1987 
58 319 878 1001 1902 
79 385 649 1161 1257 
179 502 850 1309 1377 
1 81 114 1574 1911 
1 4 20 657 829 
14 375 376 883 1372 1657 
4 552 623 665 1221 
42 83 263 477 998 1888 
4 112 962 1024 
2 4 76 429 1729 
6 9 94 98 1272 1790 
22 38 47 1074 1147 
4 483 499 506 1883 
161 201 722 1046 1266 
103 138 304 326 784 
1 217 595 913 1256 
55 97 241 767 1070 
238 390 448 1073 1085 1569 1789 
20 171 199 1745 1834 
281 442 483 502 1204 1228 
23 1256 1320 1871 1914 
30 212 1001 1338 1519 
4 76 1305 1696 1939 
1 21 601 738 1457 
4 33 819 871 1777 
1 42 536 1048 1191 
209 921 965 1317 1506 1516 
30 380 637 1261 1880 
1 449 1100 1295 1510 1754 
40 196 253 405 700 2048 
59 79 1365 1571 1646 1750 
1136 1197 1683 1871 1915 
174 311 733 926 1169 1183 
1 437 590 741 1789 
1 47 494 767 784 
215 660 1013 1246 1391 1873 
115 1308 1617 1640 1838 
50 317 462 908 1695 
22 52 76 369 1260 
148 320 403 832 1228 
86 318 1614 1825 1859 
4 173 598 1151 1413 
30 76 194 227 1488 
264 297 463 750 1026 
122 155 299 489 1479 
29 174 616 1205 1903 
70 403 882 1442 1729 
130 198 788 1074 1953 
9 76 458 795 1407 
15 55 1129 1498 1830 
36 135 822 1428 1706 
205 227 385 817 1416 
92 311 680 706 1455 
17 53 64 447 1346 1436 
1 5 63 146 962 
317 378 974 1251 1618 
1 4 262 391 1175 
21 45 135 138 1955 
33 42 193 748 917 
1 202 1103 1192 1659 
39 319 926 1304 1391 
18 221 833 1309 1881 
12 771 833 1017 1850 
32 204 1524 1632 1881 
174 514 789 847 1565 
249 653 898 1288 1605 
55 396 433 880 1168 
116 306 1481 1588 1674 1694 
1 80 234 1328 1918 
668 1245 1326 1384 1421 
57 314 609 1261 1472 
23 26 527 1107 1139 1688 
25 110 289 302 355 
32 100 759 1524 1662 
4 215 1296 1429 1806 
5 51 122 1058 1905 
62 523 822 864 1122 
99 507 866 1011 1489 
19 473 481 986 1759 
138 151 1069 1246 1390 
94 222 1554 1640 1707 
1 2 10 76 78 
392 443 450 1222 1346 
5 147 195 1068 1830 
80 145 223 561 741 1517 
358 528 997 1472 2008 
13 270 576 856 1288 
4 37 623 637 1578 
160 615 1202 1352 1478 2003 
9 165 1047 1120 1346 
79 483 509 754 949 1318 
5 35 167 403 485 
4 132 198 284 1825 
17 203 224 729 854 
18 110 1345 1360 1622 1738 1804 
98 195 864 1374 1781 
147 408 575 1074 1798 
2 249 732 1071 1360 
