1024 15102 0

1 387 651 
1 2 151 991 
1 2 
1 2 4 140 889 
1 2 3 4 5 407 
1 2 3 4 6 
1 2 4 5 7 
1 2 3 4 5 7 376 
1 2 3 4 5 6 7 8 9 66 772 
1 2 3 4 5 7 9 83 174 
1 2 4 7 8 10 
1 2 3 4 5 6 7 8 9 11 
1 2 3 4 5 6 8 9 12 142 
1 2 4 5 6 10 11 13 974 
1 2 4 5 7 10 11 12 14 862 1005 
1 2 4 6 7 10 11 12 168 
1 2 3 4 7 8 9 14 17 968 
1 2 6 7 8 11 14 15 16 
1 2 4 6 10 12 14 15 83 463 622 757 825 
1 2 5 6 8 11 12 17 19 397 
1 3 4 5 7 11 13 14 606 
1 2 4 6 9 10 12 17 18 22 95 405 717 
1 2 5 7 8 9 10 11 13 14 21 23 
1 2 3 6 8 9 10 12 14 17 
1 2 5 6 10 11 12 19 23 986 
1 3 6 7 8 11 12 13 18 20 26 
1 2 3 4 5 7 21 26 914 
1 2 3 4 5 12 14 16 18 26 200 
1 2 4 7 8 12 13 18 19 28 
2 3 4 5 9 10 12 15 17 18 19 21 22 
1 2 7 10 12 13 17 21 24 209 
1 2 9 10 11 15 17 18 28 31 
1 2 3 5 9 10 14 15 27 31 32 33 
1 4 5 8 15 22 26 28 29 33 
1 2 3 6 10 13 17 19 20 27 31 32 346 
1 2 5 10 13 17 22 26 31 952 
1 2 3 9 17 19 21 24 26 27 35 385 
2 5 8 9 10 15 16 18 22 30 31 32 
1 2 4 7 8 9 10 12 17 24 
1 2 4 5 8 22 23 31 37 39 40 327 1022 
1 2 4 5 9 10 13 14 17 31 32 41 686 
1 2 10 11 12 13 14 18 29 557 560 686 751 
1 2 3 5 10 12 13 14 22 24 26 30 40 
1 4 5 6 10 16 18 21 36 38 697 
1 2 14 15 16 22 23 25 28 29 30 31 32 34 130 
2 3 5 7 8 14 16 18 22 23 24 30 33 41 46 
1 2 3 11 13 16 17 18 26 33 38 42 279 
1 2 6 14 15 16 18 22 24 26 29 44 
1 2 3 4 5 6 8 10 13 20 29 30 37 102 665 
1 2 4 7 12 17 27 28 32 33 38 
1 2 4 5 8 14 23 28 30 32 33 34 47 268 282 
1 2 3 7 9 10 11 16 17 20 21 32 33 47 288 663 963 
2 4 6 10 11 14 18 27 28 30 32 45 47 935 
1 2 7 12 14 19 20 32 33 39 42 49 54 954 
1 2 4 7 11 18 32 38 43 48 
1 2 5 6 9 13 18 24 29 32 39 52 56 
1 2 3 5 12 14 17 30 34 40 41 43 45 
1 3 4 10 15 17 18 24 41 47 50 51 57 58 636 
1 2 3 5 20 21 23 24 25 30 34 36 42 43 
1 3 4 6 7 8 9 12 15 28 36 39 53 57 256 879 
1 5 6 12 17 21 33 36 39 40 47 49 51 53 717 
1 5 13 24 28 33 34 39 50 53 59 60 
1 2 5 7 8 9 10 11 17 18 29 42 60 
1 2 4 8 9 11 12 14 30 33 36 48 453 517 
1 2 6 10 17 19 27 29 36 61 395 452 
1 2 7 8 13 14 15 16 21 41 44 65 
1 2 3 18 19 29 41 47 53 57 61 110 166 585 743 
1 2 8 10 12 16 18 20 22 32 33 36 40 43 53 
1 2 4 8 12 15 32 33 45 48 51 53 65 
2 7 8 10 12 15 32 50 52 57 60 62 
1 7 11 15 17 29 36 38 41 51 52 55 71 471 
1 2 7 10 11 25 33 40 51 54 65 107 
2 4 6 10 15 16 17 19 20 23 26 30 40 61 71 860 
4 11 13 15 17 39 41 42 50 53 56 59 
1 4 5 8 10 14 36 40 56 60 61 
1 2 5 11 14 17 18 33 45 47 67 86 571 
1 2 4 5 9 20 26 27 30 36 41 51 
2 4 5 6 9 11 13 20 23 26 38 43 62 858 
1 2 3 12 15 17 20 28 47 53 58 73 117 255 843 
1 6 9 10 18 21 27 28 36 43 59 60 68 75 
1 2 5 10 11 14 16 18 36 37 46 58 
1 2 6 9 10 16 27 28 31 40 41 47 56 65 
1 2 3 25 26 30 32 37 51 56 61 62 64 71 134 
1 2 5 6 15 16 21 42 47 53 60 61 67 294 
1 2 5 9 10 31 39 40 42 53 55 58 258 
1 2 9 10 11 17 25 28 33 45 47 62 68 71 77 
1 4 10 15 20 21 35 39 42 58 63 68 87 
1 6 11 12 17 22 27 28 33 42 64 70 76 
1 3 4 7 13 14 15 26 38 41 50 58 82 
3 5 17 18 26 41 45 55 63 67 74 87 378 921 
9 12 15 16 17 22 24 26 40 44 46 67 72 77 87 
1 6 9 11 16 19 21 29 31 36 38 47 64 147 
1 2 5 6 7 9 10 24 27 31 39 42 84 197 
1 5 11 15 18 23 33 40 53 62 63 83 87 89 92 
2 4 10 17 21 28 51 53 75 88 209 989 
1 5 12 18 25 26 28 31 52 58 65 75 87 712 879 951 
2 6 13 16 18 27 47 52 53 58 67 80 84 89 
1 2 3 12 15 17 22 38 52 59 74 87 94 
1 12 13 22 26 28 36 39 40 52 60 86 95 
1 7 10 16 20 30 33 48 50 56 63 84 87 988 
1 2 4 5 6 10 15 18 34 45 56 67 348 
4 7 12 17 18 33 40 48 58 60 69 75 89 102 884 901 
1 2 8 14 20 25 40 43 49 60 73 94 757 
1 3 5 6 13 16 20 21 22 49 62 67 72 82 102 244 881 
2 7 16 21 29 34 39 42 43 58 60 63 70 71 98 
1 4 7 8 12 16 18 34 45 48 50 58 93 233 
2 4 6 21 22 44 53 62 69 80 84 104 107 
2 4 15 16 33 50 60 64 74 76 87 90 100 107 488 701 
1 2 5 6 10 14 18 28 39 45 93 102 558 
1 3 11 19 21 24 35 53 60 61 64 76 103 
1 2 4 5 9 15 16 31 53 58 59 75 76 523 654 738 
1 11 14 17 18 24 26 46 52 78 86 101 102 745 
6 8 9 10 22 23 24 28 33 39 48 56 62 76 84 980 
1 2 3 6 8 23 24 26 42 47 50 102 109 719 
1 3 5 24 31 32 34 38 55 80 88 93 108 
1 2 3 5 6 9 10 17 39 57 60 68 88 102 420 
2 6 13 30 41 43 45 52 54 57 63 65 102 
2 5 14 19 25 26 28 29 31 42 44 61 68 89 
2 4 5 9 15 16 50 52 57 58 74 84 90 92 114 
2 7 28 30 31 43 47 50 63 66 71 91 110 120 825 936 953 
1 4 5 7 10 12 14 23 24 33 37 38 47 83 92 382 
2 7 8 17 19 20 23 24 31 33 35 40 92 110 
1 2 4 7 14 18 19 27 33 41 89 97 
1 3 4 7 30 33 55 71 72 93 105 110 116 120 132 
1 2 5 6 13 22 32 43 50 58 69 70 116 123 
1 2 4 5 7 9 21 36 56 77 82 90 
1 2 4 6 12 14 15 22 46 74 105 110 114 124 560 622 
2 3 12 18 40 44 61 65 89 98 101 102 110 123 
1 2 3 4 12 23 25 28 46 51 53 60 118 
2 4 7 8 13 15 16 27 45 54 73 78 110 406 
2 5 8 16 17 21 25 29 55 61 102 105 121 125 129 333 
1 2 9 10 12 21 37 38 49 116 119 891 
4 9 11 20 21 25 31 33 43 67 92 98 107 133 
1 3 12 17 18 29 48 56 64 69 79 110 111 
1 2 3 6 11 12 27 29 54 77 84 97 131 
1 2 4 13 17 33 49 55 59 73 103 136 759 1018 
2 5 6 12 18 30 50 67 75 80 103 114 132 
4 9 13 31 36 43 53 63 65 73 93 107 113 130 132 455 
2 5 7 8 14 16 21 24 31 38 43 61 80 96 135 652 924 
1 6 7 9 10 12 14 26 29 42 54 62 71 76 
1 3 4 6 14 19 20 49 71 75 77 86 97 104 107 340 557 
1 2 10 32 35 53 54 58 60 110 126 
2 3 7 8 15 18 26 50 53 66 67 68 109 446 1017 
2 11 29 32 35 43 50 57 89 98 113 128 139 140 454 
2 5 7 10 12 17 24 31 32 47 55 75 104 144 
2 3 9 26 34 38 42 45 74 97 102 127 137 
1 2 21 22 29 33 43 45 46 64 83 109 133 443 
1 3 6 12 18 21 22 24 26 52 67 109 114 115 119 
7 20 21 33 36 39 45 47 58 74 77 85 128 136 
4 6 21 25 26 28 34 51 58 77 100 101 103 480 
10 15 26 32 34 38 42 47 60 64 65 106 136 140 
2 3 4 10 14 26 45 49 50 74 81 83 93 135 
1 4 6 9 10 14 17 39 44 48 53 58 104 108 
1 4 10 25 26 31 47 61 77 92 114 150 
1 12 20 22 28 32 42 47 61 63 66 92 103 117 125 179 
1 5 6 18 28 47 59 63 79 81 90 93 102 367 
1 31 32 38 40 61 65 68 69 97 115 149 150 
1 2 12 14 16 33 34 48 53 61 81 94 96 121 147 
2 5 15 33 36 38 43 49 65 73 97 99 124 125 129 
1 3 7 10 24 51 74 79 88 97 120 132 134 145 
1 2 5 6 13 47 52 77 90 96 112 128 132 161 215 
1 2 6 10 12 15 37 67 98 108 110 121 122 135 137 381 620 832 
1 10 33 43 44 55 65 76 97 114 127 136 154 
1 4 5 9 10 11 17 33 46 71 78 87 93 139 
5 6 18 21 30 31 36 43 67 68 107 110 144 
1 2 3 5 9 10 19 21 31 55 58 68 76 123 135 273 
1 4 6 14 22 34 37 48 55 79 106 113 151 152 
2 3 9 10 18 42 43 68 71 80 83 89 135 159 842 
1 2 8 19 26 33 38 81 87 106 114 139 164 166 
1 2 3 13 17 27 29 41 61 74 104 144 150 323 464 
1 2 5 6 37 38 48 49 51 55 127 131 134 
2 4 5 8 9 30 33 42 53 60 87 97 153 168 
3 4 9 10 22 27 32 51 63 82 95 106 137 341 
3 5 14 25 31 45 52 70 104 122 132 142 155 164 173 
1 2 7 11 17 26 57 65 70 80 88 166 
2 5 21 32 33 36 41 85 90 92 100 130 135 156 
1 2 5 16 22 24 30 31 74 77 79 105 135 175 548 693 700 
4 5 8 9 11 29 31 33 42 51 60 82 111 135 169 964 
2 3 9 11 14 20 25 40 55 64 103 144 167 502 534 556 835 
9 11 15 34 65 70 80 89 110 112 124 154 155 175 176 
1 2 7 30 38 51 83 87 110 121 122 172 181 450 
1 7 9 10 15 20 53 57 68 70 81 83 97 111 840 
2 4 6 12 37 42 44 53 66 69 76 96 110 113 156 663 763 
1 20 21 27 32 33 42 69 72 92 98 123 146 168 853 
1 2 7 9 11 22 33 47 57 109 155 168 
1 5 6 7 8 22 45 47 48 66 95 108 117 120 155 176 573 620 
1 2 4 28 29 37 38 50 60 77 103 179 187 872 
4 17 22 33 43 54 64 75 79 90 127 143 162 176 
1 2 10 15 22 56 67 108 115 138 140 150 181 186 959 962 
1 2 10 12 14 29 43 51 59 68 88 91 114 141 
1 2 10 14 26 38 43 45 58 67 68 74 114 164 886 
1 2 4 9 12 22 37 51 55 69 91 157 164 165 176 580 795 
1 4 20 25 28 33 38 57 86 108 119 126 129 190 
3 16 21 22 33 35 45 53 56 126 146 183 194 669 715 
2 8 9 11 22 34 42 61 62 100 108 118 141 177 185 427 
1 2 11 12 58 60 62 76 83 102 155 157 162 185 
1 11 43 45 66 74 77 125 169 177 180 187 197 281 941 
2 5 12 22 27 42 49 65 69 81 158 168 182 183 
1 2 4 5 6 11 61 72 85 88 95 107 899 
1 2 6 13 38 42 44 58 157 159 182 189 197 1014 
1 5 9 10 11 18 40 49 66 91 110 132 144 159 197 
2 3 5 7 13 18 28 33 62 63 87 106 155 178 194 757 
2 3 4 6 7 31 32 58 61 82 97 112 162 171 193 
1 2 3 10 24 29 44 52 67 71 97 123 161 170 188 387 
1 2 8 11 12 25 26 28 33 36 38 42 74 102 
2 10 17 26 27 32 35 44 58 79 120 125 177 
4 17 24 33 39 63 89 92 110 119 153 155 161 177 625 
1 2 9 26 32 53 73 86 88 95 114 118 141 148 184 
3 4 6 7 18 27 55 57 101 147 199 200 206 875 
2 3 7 10 12 24 28 52 53 81 156 162 177 195 206 
1 14 17 22 40 43 49 51 65 66 72 76 90 125 182 
1 6 11 46 51 57 91 123 126 162 164 169 177 184 203 521 
5 6 9 10 36 65 83 94 98 102 141 148 170 180 318 
1 2 4 5 6 13 14 22 50 70 93 103 122 130 161 557 
2 8 12 23 24 36 49 67 90 92 93 107 156 159 161 732 
4 8 11 27 32 66 67 79 86 112 144 178 179 181 196 226 
1 2 5 6 9 13 16 41 65 72 98 140 180 183 204 211 865 
1 10 14 26 30 39 45 56 78 88 105 107 139 142 
8 9 11 29 30 64 70 74 120 150 153 157 164 
1 2 4 7 12 31 38 41 93 109 120 126 146 
2 13 28 31 41 43 45 47 64 84 149 155 184 817 
1 12 17 22 41 48 56 65 95 113 114 138 144 180 198 
1 4 7 10 12 16 21 78 82 153 159 183 214 438 
1 2 3 6 8 9 16 42 82 91 153 177 184 610 
1 5 11 30 33 47 69 113 132 144 149 187 192 203 222 
2 5 9 32 42 47 48 74 95 143 155 159 174 175 489 818 
2 16 32 37 38 40 51 53 61 63 65 149 203 
1 5 7 17 20 27 38 62 67 72 74 137 162 
1 2 4 9 18 21 31 39 86 89 92 108 206 
5 10 11 15 20 30 47 48 51 55 129 141 196 210 880 
33 47 49 51 74 99 129 130 162 196 202 207 218 225 
1 10 14 19 35 71 72 88 90 96 151 154 166 172 214 266 
2 3 10 20 25 36 42 63 86 95 124 126 145 219 
2 12 22 39 45 80 109 130 132 191 197 203 212 230 830 
4 7 14 21 28 72 91 111 112 115 139 154 156 185 222 265 
1 2 4 21 23 33 65 122 124 173 184 187 230 
3 5 7 8 38 39 57 61 71 73 133 204 220 549 
6 20 48 49 51 53 71 75 91 140 146 156 171 187 188 712 866 893 
2 3 4 7 23 26 86 109 141 158 164 176 191 767 
2 21 34 59 66 79 84 144 145 153 170 180 217 227 
19 21 23 58 65 88 89 99 116 142 143 172 175 197 210 371 619 
11 18 34 46 75 79 89 90 116 168 169 212 217 229 238 506 556 
1 2 8 31 33 37 41 55 65 71 73 105 126 199 217 882 
2 5 19 46 51 52 58 91 98 113 150 153 195 560 885 
4 7 26 48 52 54 76 77 92 115 144 159 191 218 224 
1 3 7 11 12 19 52 58 89 163 189 212 
1 3 5 6 18 32 38 49 61 68 102 156 205 208 225 
13 17 29 31 35 44 68 102 115 128 131 170 197 232 254 
2 7 11 20 38 57 65 80 92 120 140 143 151 170 189 624 
1 7 19 35 36 43 58 88 122 153 172 187 189 220 577 579 
2 17 24 26 28 33 42 43 53 58 99 113 153 156 926 
2 7 17 50 60 73 85 86 114 121 146 147 197 240 724 904 
2 7 8 11 13 33 56 58 87 100 105 109 123 159 
1 2 8 9 17 18 19 27 68 78 91 100 105 174 405 
4 7 14 25 37 42 48 58 62 85 89 139 185 187 
2 14 42 51 67 71 75 92 130 139 142 181 187 229 232 631 664 
1 2 3 17 18 29 42 69 90 103 112 132 220 355 785 
2 5 7 19 20 22 36 45 55 72 102 138 141 144 
1 4 18 24 28 44 46 58 71 84 100 106 164 174 190 574 
4 13 15 19 22 33 39 68 69 71 76 200 217 482 
1 3 4 20 25 27 33 40 69 105 165 167 170 194 
2 12 17 19 50 53 54 70 121 159 168 201 222 239 243 762 
2 9 11 24 44 65 107 108 111 116 153 193 199 232 430 
2 3 17 20 33 44 46 54 76 93 114 122 132 180 457 518 
1 5 7 10 26 28 35 40 52 61 85 160 181 187 200 894 
2 4 12 13 28 32 33 45 75 78 103 177 178 
1 28 44 95 108 115 123 130 156 183 186 241 262 844 
2 4 14 22 91 99 103 121 143 156 160 164 193 233 253 
2 6 13 15 45 50 118 120 147 153 185 205 231 621 839 970 
6 8 10 20 28 36 56 108 113 133 146 150 161 176 241 
1 4 10 17 21 25 47 71 92 108 155 163 170 197 212 
10 11 14 30 37 54 60 73 89 119 122 143 246 265 280 372 
4 11 13 19 26 33 39 42 66 80 93 103 105 187 691 
1 5 8 34 36 46 48 54 70 83 103 123 211 218 255 
1 7 11 12 28 29 44 53 55 56 72 136 167 214 241 
2 33 34 37 42 60 61 68 72 99 110 184 236 263 
2 3 12 13 36 65 73 79 85 96 109 142 180 228 873 
5 11 12 18 22 54 66 79 114 127 130 154 160 174 655 
1 2 3 4 5 12 50 51 63 70 107 126 143 150 
2 16 20 37 41 93 98 112 162 193 210 216 250 267 276 
2 3 10 14 18 22 30 32 66 116 197 219 231 256 
7 9 17 18 26 40 60 64 71 73 90 161 249 264 
1 11 58 69 91 100 109 150 163 176 191 229 259 984 
7 51 65 78 124 125 145 161 198 208 218 226 233 250 268 722 744 
1 2 10 14 23 28 30 48 53 84 90 216 245 
1 11 13 18 43 47 68 76 92 106 134 243 256 257 
2 21 30 42 44 67 69 92 111 113 138 212 214 284 1002 
2 15 20 48 51 80 88 90 103 147 196 214 246 277 395 
1 4 9 14 17 29 42 58 84 127 221 223 610 
14 17 38 47 51 56 72 108 149 151 214 223 232 289 792 
8 11 28 65 67 90 119 133 139 146 147 154 164 165 182 
1 2 9 11 16 33 35 58 88 131 150 211 220 244 268 519 705 1020 
5 11 13 17 33 51 58 60 116 129 133 143 146 197 208 
5 11 13 21 37 53 64 68 69 120 166 169 178 245 617 
5 6 21 53 57 75 132 153 171 184 187 196 218 226 269 
1 2 15 34 36 58 75 87 145 162 184 223 240 245 
2 40 49 64 71 111 132 139 150 172 241 281 283 290 
2 9 10 12 44 60 70 88 136 177 190 200 209 239 266 
4 5 11 15 55 64 68 81 94 130 170 200 202 284 299 
1 3 10 21 26 28 34 55 66 84 116 156 223 
3 4 5 6 16 17 39 95 99 102 132 133 159 191 212 
11 33 34 36 96 125 128 135 137 157 198 229 264 289 
2 3 5 13 19 22 28 47 49 53 58 89 214 245 401 
7 9 14 31 49 58 61 105 232 239 242 252 260 268 299 832 998 
1 2 3 78 103 122 194 204 206 209 256 259 724 
1 4 5 9 21 30 36 42 71 97 175 183 208 263 
5 10 12 15 31 33 45 49 66 67 72 124 132 162 199 
2 8 11 37 50 100 125 156 161 232 243 246 306 422 
3 12 26 27 77 80 93 105 119 162 165 200 273 276 288 727 
1 2 5 8 99 109 158 159 161 170 184 212 213 281 303 
2 4 13 20 58 93 103 132 152 154 159 216 235 263 301 
5 19 22 25 28 33 47 74 108 110 145 168 180 303 
1 4 8 24 33 53 79 102 124 133 178 239 257 275 
1 2 4 15 26 41 46 52 137 173 233 255 270 302 308 515 864 
1 10 14 29 34 36 50 76 129 132 185 264 296 654 
2 4 16 26 38 48 58 66 77 105 110 172 176 274 283 
1 5 7 11 17 24 32 33 38 44 61 102 147 307 
2 4 15 19 24 28 35 48 154 197 213 219 288 312 853 
7 9 11 27 29 31 37 53 79 93 106 219 249 292 308 402 908 974 
1 10 17 18 33 53 60 66 69 90 92 150 260 268 
1 3 10 16 131 135 163 164 191 208 231 243 269 290 306 
1 9 51 56 67 75 98 102 124 135 208 238 257 301 304 
8 16 27 28 29 32 57 65 104 123 161 186 236 286 
2 4 16 20 34 40 51 64 89 113 123 184 192 310 
15 42 56 62 107 109 111 124 132 170 226 262 297 309 313 822 
1 6 11 26 29 31 42 63 71 86 101 104 127 301 519 
27 41 46 51 56 79 117 121 126 136 164 174 249 259 270 
1 5 7 20 23 27 31 48 55 125 150 198 213 270 323 
2 5 11 13 17 85 143 158 160 178 263 272 308 599 
4 11 39 58 61 84 86 93 110 132 144 155 170 291 306 
2 10 11 34 46 51 59 94 103 125 143 162 245 289 314 
1 4 16 19 39 67 87 99 134 237 253 283 291 295 756 
9 17 19 21 28 45 47 63 66 67 86 140 156 171 255 
1 7 10 16 22 32 40 52 64 74 93 146 188 285 
1 5 10 14 47 52 92 99 103 141 155 173 188 288 
2 3 9 48 51 56 58 88 133 232 241 250 297 300 700 919 
6 13 25 42 46 72 75 116 118 163 171 210 211 305 
9 12 20 21 29 66 106 135 140 163 170 199 226 269 322 435 
2 10 11 46 61 138 144 161 163 175 208 225 273 304 
3 7 10 15 20 41 89 125 153 154 198 290 303 339 695 779 857 
1 2 5 9 32 33 42 51 67 72 96 199 269 315 639 
2 4 13 28 77 122 145 159 162 177 210 220 325 332 947 
2 4 5 11 63 146 150 158 167 188 206 263 283 292 301 596 760 
1 18 20 22 51 112 133 160 161 181 188 227 238 301 891 927 
18 21 32 60 74 85 92 116 136 153 183 189 273 322 
1 2 20 36 38 48 62 99 102 104 170 216 302 329 
1 6 9 14 27 39 100 125 126 146 163 241 261 295 303 428 459 
8 9 21 33 34 38 54 78 173 191 195 215 231 339 
1 20 31 52 53 100 102 147 166 188 190 203 247 310 
4 6 10 14 34 58 65 67 119 140 191 313 340 342 519 972 
5 7 15 16 17 18 22 47 56 65 87 164 199 230 278 890 
6 11 12 23 38 43 60 90 112 116 135 242 260 304 308 425 
10 13 14 36 42 82 120 137 178 189 244 276 278 338 348 
1 4 18 38 39 40 68 79 128 156 160 163 170 206 273 610 
1 2 6 9 28 105 113 122 128 160 195 198 286 310 353 459 
5 10 22 26 33 51 54 58 95 97 151 196 221 236 
12 36 44 46 56 61 70 75 80 157 181 187 202 309 326 
1 2 20 42 80 92 121 149 176 202 236 271 283 310 329 997 
2 3 12 55 98 100 134 150 169 210 230 284 309 330 
2 8 10 12 17 28 33 53 67 72 198 230 299 345 353 
3 9 12 28 43 44 47 97 187 196 198 221 269 295 
1 7 8 14 16 28 58 80 83 121 147 218 257 312 796 
2 6 14 17 23 74 142 161 162 208 255 291 297 320 518 939 
5 18 19 28 51 64 87 122 127 154 178 217 242 278 317 
2 13 30 34 62 92 115 121 146 153 208 214 301 334 
1 2 4 17 40 66 84 156 228 236 325 356 360 361 672 
2 7 9 10 43 52 66 92 95 149 206 306 360 
5 10 13 21 28 45 49 78 145 148 161 175 208 294 
2 4 8 9 44 77 79 92 111 134 182 210 241 360 551 615 
1 14 35 45 50 92 100 172 240 264 267 294 327 350 
1 2 11 42 43 45 87 137 154 197 229 263 279 345 525 
14 17 58 70 74 81 95 124 172 204 280 310 311 354 364 
2 11 13 22 66 125 175 194 227 237 246 261 274 298 333 
1 2 22 42 45 53 58 106 161 163 253 255 281 
1 2 7 11 16 18 19 58 68 113 119 121 140 148 231 
4 8 13 21 39 61 81 89 113 115 162 182 231 349 372 
2 9 14 44 50 75 77 85 118 139 143 170 201 251 324 
1 12 13 16 53 92 103 148 166 198 207 241 272 273 820 
1 3 28 33 42 76 83 176 184 195 208 249 266 285 338 494 682 
2 17 58 68 82 94 95 104 144 171 203 229 263 299 312 
2 4 55 60 66 75 214 216 226 233 280 310 322 355 
1 2 4 9 25 26 30 53 91 190 204 237 240 321 360 571 
1 2 43 61 70 100 106 136 139 283 288 310 326 373 398 888 977 
2 7 10 14 38 48 51 127 135 206 270 340 344 345 359 820 
1 3 6 12 18 26 29 33 37 73 77 233 239 280 
1 2 10 11 13 27 51 60 65 116 170 221 315 320 
3 12 28 81 147 164 183 185 188 237 253 261 318 333 371 
2 4 13 18 26 45 181 207 224 225 246 306 310 357 
1 8 10 12 47 61 71 79 145 168 230 256 270 382 
1 7 12 57 71 85 110 130 153 189 214 309 346 350 354 
1 12 13 14 19 24 34 51 86 88 144 176 192 251 905 993 
1 28 38 70 83 208 217 223 240 258 264 293 309 333 379 
1 2 3 4 37 66 101 242 255 272 276 290 330 384 550 
1 3 5 8 29 33 72 73 121 129 146 180 218 231 
1 10 14 18 35 53 57 141 165 197 220 222 250 258 
1 17 18 19 41 55 77 95 136 231 244 280 282 339 748 913 1006 
1 15 33 36 46 52 54 61 123 136 146 220 244 292 316 794 
1 4 7 10 18 39 43 56 58 181 213 231 238 295 
6 7 9 25 33 63 118 157 159 170 197 248 258 259 353 
1 2 8 15 27 41 49 50 175 236 390 395 
1 10 11 12 15 51 53 90 97 177 204 276 368 384 704 
10 41 47 54 89 91 139 169 193 204 207 257 353 402 
1 2 4 26 31 67 72 88 105 123 139 154 243 263 297 
2 10 19 25 26 71 95 159 197 262 284 347 357 384 827 
1 7 12 18 32 51 99 140 149 165 263 287 299 381 382 
7 9 15 31 66 71 102 126 128 150 155 166 236 283 307 
2 3 5 9 17 53 144 156 165 174 228 259 277 285 379 
2 8 10 12 24 25 86 103 197 220 251 269 279 393 
1 2 21 68 84 98 190 193 211 246 284 332 395 405 
1 10 29 31 33 34 72 102 196 215 226 239 317 341 398 
9 15 30 60 61 62 68 158 162 184 295 305 362 375 398 652 
1 24 32 34 40 54 56 58 100 101 163 281 333 925 
1 2 5 10 11 51 66 111 145 161 311 329 400 447 
8 10 28 55 58 60 89 103 124 197 323 352 367 380 
1 6 18 20 23 28 87 97 98 148 158 164 319 329 373 456 
6 10 40 69 73 74 119 127 143 178 244 252 279 310 377 
1 2 3 4 28 48 60 243 249 268 275 302 321 330 393 744 
1 9 38 63 90 218 238 262 263 287 296 335 345 387 405 
3 5 26 29 32 37 60 88 156 207 222 225 267 353 384 965 
2 10 11 23 93 105 106 124 139 164 198 271 318 397 406 689 
2 8 32 36 86 87 98 118 123 125 161 178 184 190 414 837 
4 6 12 20 51 92 97 107 108 132 142 203 271 316 346 999 
2 11 14 25 29 31 55 64 73 120 203 222 239 309 
1 2 13 80 100 101 130 139 157 171 177 287 292 294 696 808 
4 6 10 11 18 25 37 49 53 108 127 252 305 330 398 
1 4 8 27 29 42 67 72 114 150 196 201 208 343 425 755 
1 10 17 49 72 78 170 184 201 206 282 286 350 372 
1 3 13 48 50 53 56 58 135 184 196 255 267 324 470 545 
8 12 18 21 89 102 109 119 127 148 266 348 360 412 
1 2 6 23 49 58 132 278 295 328 342 391 394 
1 2 5 8 10 58 83 97 138 168 184 353 395 419 421 717 925 
2 5 7 11 53 84 103 113 117 143 153 196 232 347 
2 7 15 18 36 41 55 83 95 111 162 168 273 352 403 
1 2 13 32 55 155 163 179 231 258 264 329 386 411 653 835 
1 3 11 104 135 137 146 173 178 228 251 255 268 295 393 
10 11 15 22 29 128 185 190 192 247 260 266 310 370 400 
2 13 32 41 96 115 243 285 312 332 345 347 371 383 425 838 
1 2 8 14 26 60 66 122 159 231 273 400 413 
2 3 9 10 11 13 38 108 131 139 150 233 278 299 
1 10 12 33 34 37 43 49 71 166 184 243 291 403 430 
2 6 12 15 34 36 37 44 47 69 74 124 132 164 390 759 
9 28 35 38 55 90 108 133 154 156 174 356 405 969 
8 10 12 16 32 85 102 131 140 149 244 248 268 319 374 
2 37 61 79 105 159 175 176 247 296 330 349 394 415 720 
2 4 8 39 60 96 162 169 216 219 232 398 419 434 649 
1 92 115 136 141 142 150 156 158 176 203 294 308 407 446 
2 5 12 18 57 68 75 99 127 174 262 301 392 415 430 
1 5 10 18 44 50 109 116 122 127 178 200 207 325 448 600 621 
2 32 41 53 71 95 118 207 246 270 294 321 339 379 386 
2 6 39 45 48 50 55 100 101 119 166 197 282 433 441 737 
3 9 20 28 53 137 144 156 161 209 302 385 389 449 
2 21 33 34 50 59 172 208 213 265 276 367 385 406 941 
1 2 31 33 63 73 84 87 111 175 235 260 317 351 402 
1 13 28 45 77 103 155 176 211 243 266 276 307 
1 2 11 12 55 74 83 161 175 274 430 774 
4 10 20 53 58 59 60 75 110 138 257 285 384 425 542 947 
1 4 5 31 87 123 200 237 239 243 253 324 406 416 421 
1 2 8 15 30 65 87 91 114 124 153 200 229 362 
6 14 29 69 71 91 95 103 123 164 264 298 388 428 702 
1 4 7 22 38 67 75 95 143 177 226 236 258 275 292 
1 7 18 39 49 111 144 159 263 289 343 402 411 439 838 
35 45 99 176 187 188 195 221 296 328 336 355 383 417 421 
6 28 64 68 77 83 211 224 227 239 269 341 356 360 427 1013 
1 2 3 20 25 37 90 118 122 154 180 192 251 320 357 
1 4 5 16 27 34 47 54 76 149 155 197 319 831 
10 18 20 26 56 59 60 101 196 223 256 278 338 409 457 
1 2 8 31 71 110 138 144 168 206 254 300 336 384 
1 3 4 5 18 20 57 81 101 110 222 270 325 340 433 434 
4 5 9 11 22 30 33 38 66 88 91 96 238 252 261 758 
1 2 3 9 11 20 36 53 60 161 195 310 318 453 646 714 
1 3 67 68 105 110 167 197 213 220 253 307 315 383 457 547 882 
11 14 33 34 57 66 73 156 221 239 250 299 310 378 418 786 
1 10 14 19 33 45 84 87 109 130 141 229 254 284 456 
6 36 50 68 85 98 116 139 191 219 245 310 359 382 395 
1 2 3 15 16 20 23 48 110 142 168 259 289 329 467 604 907 
1 2 5 61 65 66 135 185 203 313 342 375 378 390 
1 2 4 10 17 27 42 150 202 254 263 316 425 426 461 
79 88 110 121 151 186 192 196 293 295 304 311 378 
1 4 9 33 45 102 125 136 143 309 317 331 448 473 
20 31 33 37 44 71 140 208 274 284 325 380 411 418 440 
3 48 54 60 116 145 159 164 192 208 217 277 375 448 478 
2 3 9 10 17 24 45 156 191 205 211 316 431 458 
1 6 19 48 54 74 111 145 150 156 229 248 267 296 427 
7 12 14 16 56 95 124 180 188 216 284 318 346 455 
4 11 22 36 37 84 104 141 187 206 246 247 306 324 350 
1 2 21 22 49 114 122 166 234 257 337 398 469 1005 
1 5 7 8 18 19 26 30 51 95 214 263 289 335 
31 32 37 40 55 83 104 112 116 129 132 147 295 316 369 
10 12 14 19 54 74 92 110 250 300 353 409 451 
1 5 12 59 77 82 123 129 169 210 223 394 410 488 
3 4 10 14 21 22 51 65 110 125 337 357 386 465 717 
7 10 18 31 44 48 57 59 123 138 144 197 199 272 335 
1 15 33 49 86 89 117 149 219 227 348 350 367 453 458 
1 2 53 69 87 92 94 95 132 163 189 239 267 327 375 470 517 987 
18 58 64 66 73 127 183 196 243 288 291 356 398 423 490 
2 14 17 18 19 33 40 41 42 124 156 167 247 276 372 776 
1 2 5 6 25 28 43 99 144 256 266 383 392 451 
1 2 4 14 47 50 53 56 102 118 306 343 466 
12 21 26 33 71 74 75 110 113 132 146 266 294 342 499 
5 6 8 9 10 11 36 61 88 113 135 263 285 384 
14 26 34 35 61 132 176 197 209 253 310 328 395 419 487 
1 9 10 33 42 63 83 95 130 178 202 221 310 357 435 702 
1 7 10 61 69 86 114 140 161 217 234 259 366 469 500 667 752 
16 17 20 22 53 57 58 65 75 124 130 201 215 265 361 784 
4 33 36 72 76 107 126 128 162 217 291 412 463 
1 4 11 26 67 101 128 146 164 187 238 253 320 407 456 605 
3 5 22 32 33 91 127 136 145 162 167 197 321 380 506 
1 3 4 10 32 79 92 107 122 180 193 255 323 430 491 621 
19 25 45 51 54 55 68 95 97 148 326 348 362 385 
1 5 9 17 18 24 55 58 99 109 326 353 467 504 952 
2 5 33 66 86 122 124 181 231 238 312 337 489 500 690 
1 3 6 32 61 64 86 103 212 220 284 366 384 478 
12 20 31 57 78 85 121 154 180 234 265 272 361 410 415 
1 18 44 63 67 92 95 180 255 310 318 329 351 459 491 917 
2 5 7 13 15 114 269 287 344 352 423 495 499 
17 27 45 48 62 72 130 211 312 315 316 352 365 394 451 
2 5 7 17 24 27 55 129 171 194 199 230 440 441 496 695 
3 25 37 53 61 77 82 146 155 177 187 200 261 364 450 
3 10 32 53 101 105 109 126 190 281 315 370 400 440 494 570 811 
1 2 3 5 7 8 11 18 34 76 89 115 171 381 506 
2 3 7 17 50 58 65 110 155 213 309 378 406 516 
1 3 7 30 33 38 78 82 152 174 207 357 368 421 867 
1 6 19 20 34 88 114 123 219 229 237 264 275 301 447 752 
1 2 10 33 146 170 192 224 241 327 337 366 371 446 513 
2 9 33 52 66 113 205 241 253 285 348 350 354 388 447 
5 10 12 58 199 248 284 358 385 407 423 449 452 
1 2 102 156 158 225 294 318 330 400 408 417 445 546 643 813 
1 4 6 7 17 49 50 66 150 170 276 373 454 473 478 
12 91 94 115 136 161 189 400 403 408 413 428 456 523 706 
4 5 8 9 14 34 51 157 162 185 269 302 303 304 430 870 1023 
1 8 17 47 66 68 69 73 127 161 259 398 474 
4 5 28 36 37 119 127 192 199 241 251 376 462 516 845 
1 5 7 9 62 90 99 154 167 190 218 251 350 354 377 709 
1 2 6 23 26 28 40 48 135 186 287 289 994 1018 
1 7 17 21 45 79 80 87 143 312 380 400 440 500 
11 29 52 71 220 231 243 257 295 363 446 458 460 473 483 
2 3 27 61 70 84 93 110 170 303 368 483 502 509 534 
2 8 11 34 41 42 47 50 155 166 171 242 298 458 974 
1 13 24 26 31 32 54 62 99 223 351 375 395 421 438 610 835 
2 18 83 96 106 119 123 156 177 181 194 278 350 351 461 
2 11 17 76 82 84 106 117 123 148 231 367 464 820 
2 3 7 22 60 62 81 93 175 207 382 384 417 478 489 831 
2 3 5 10 20 33 153 185 219 276 329 342 438 503 542 769 
1 8 15 18 25 65 66 125 141 184 224 261 320 398 988 
10 19 35 36 75 136 177 220 257 315 329 348 491 
2 5 11 23 31 38 67 103 179 283 299 361 486 521 543 
3 8 18 33 35 40 140 144 146 251 303 324 376 429 521 
2 9 11 13 17 20 38 69 110 115 117 143 148 164 178 908 
3 7 18 22 23 57 81 106 153 170 223 241 306 466 486 854 973 
2 18 37 38 67 74 97 129 146 155 171 236 296 366 535 550 
18 28 55 67 80 100 156 165 176 208 233 374 378 417 448 900 
4 5 11 18 27 42 46 55 74 266 332 412 431 491 
1 3 49 115 116 144 145 283 332 360 434 439 482 502 
1 8 21 98 99 151 157 163 171 178 230 241 292 361 459 
2 9 68 71 90 210 219 249 263 297 349 350 372 417 
10 40 45 66 164 203 207 222 225 273 324 325 326 390 448 704 
3 11 45 49 68 69 146 153 184 213 219 226 239 451 480 889 
4 6 10 11 21 31 85 106 122 126 140 163 230 474 546 
12 89 101 109 120 127 136 160 205 241 261 293 327 371 466 
7 23 48 117 179 235 329 342 350 352 425 426 445 451 526 
1 22 32 48 49 69 89 171 178 184 192 309 348 509 510 
1 2 12 15 17 27 33 63 141 179 242 255 263 357 
2 9 34 37 140 187 269 271 283 304 344 385 410 424 563 
3 9 33 50 53 146 187 193 212 216 236 241 302 325 448 
1 2 5 8 27 30 38 44 156 161 225 286 386 460 560 
1 3 10 11 12 26 107 130 143 271 295 308 409 499 
1 2 5 17 46 73 92 112 116 130 135 173 204 286 340 943 
10 36 47 57 61 66 90 96 140 147 200 249 330 336 743 
1 6 14 55 65 103 135 306 321 349 374 408 471 480 505 589 
7 10 11 12 29 59 121 136 287 329 364 415 432 447 489 520 787 
6 22 33 49 54 57 65 140 153 182 193 207 370 471 506 
12 46 54 62 100 107 166 172 314 381 391 397 408 471 492 519 534 896 
2 5 16 84 87 127 190 241 256 261 331 368 410 449 
1 25 37 65 66 127 174 196 200 249 316 370 439 471 
1 3 26 54 55 76 98 150 195 228 363 458 512 525 560 
1 3 4 33 43 56 66 96 101 104 277 281 318 359 434 773 
1 2 9 15 39 101 109 322 377 436 457 502 518 545 577 733 781 859 
1 24 27 31 43 87 97 116 144 150 202 207 252 285 508 784 943 1003 
2 6 10 11 32 55 69 168 179 258 273 336 346 622 
10 60 65 116 140 160 174 182 185 272 281 286 403 411 497 
5 14 16 30 33 47 53 85 121 173 187 393 400 469 571 
4 13 32 34 67 78 83 197 230 239 257 290 309 322 449 757 1012 
1 55 70 87 139 143 151 174 180 187 249 285 344 510 563 995 
14 28 61 96 108 126 130 150 156 157 177 194 291 327 546 
2 14 20 21 38 99 164 167 229 250 255 294 365 
2 53 87 90 100 163 263 271 291 327 374 460 497 553 585 
1 6 18 23 97 99 102 201 204 240 260 407 441 452 
2 12 22 45 57 68 136 162 164 209 210 261 360 501 543 
2 34 49 61 87 124 149 204 353 393 439 450 507 551 
2 5 15 45 88 161 204 212 274 278 285 434 457 531 557 949 
1 4 17 65 109 129 148 161 223 253 254 354 455 528 
1 12 14 24 30 77 80 97 124 176 226 312 367 378 388 
5 10 14 25 34 45 55 94 127 260 301 321 429 439 479 720 
1 36 58 62 149 206 208 257 264 282 295 372 459 475 577 912 1005 
1 2 8 10 29 31 78 84 95 124 174 180 383 415 528 724 
1 12 13 17 65 68 83 87 103 104 124 177 189 196 
19 24 86 98 145 152 157 282 283 294 334 375 508 518 576 757 1014 
2 7 9 21 23 89 169 201 224 375 450 502 509 540 579 
11 36 57 67 76 87 90 108 144 163 178 448 449 528 598 642 859 
11 18 39 78 79 92 94 100 116 188 226 334 339 376 434 937 
3 34 36 42 54 61 70 227 266 279 291 320 370 434 438 940 
1 2 5 7 33 60 82 176 332 340 385 525 
9 11 15 103 125 132 151 215 280 304 481 494 510 527 531 643 
1 5 8 40 42 50 67 97 100 280 296 459 461 486 509 
2 26 39 70 77 95 107 152 153 163 186 259 509 587 
1 2 8 13 26 27 44 135 177 219 254 280 308 503 548 700 742 
3 56 107 136 150 165 198 245 259 263 273 368 480 486 494 752 
4 28 32 39 51 100 111 178 198 301 339 342 377 408 513 
1 5 9 98 161 168 216 225 247 286 376 412 430 537 587 909 
2 4 5 9 42 58 79 198 257 295 302 376 468 484 500 980 
7 20 107 109 115 127 135 185 268 317 356 403 430 439 469 881 911 936 
2 16 28 45 83 153 167 180 181 205 236 246 437 457 568 
37 57 88 98 187 191 219 230 302 329 368 378 560 
1 2 28 45 69 110 145 226 265 361 415 489 580 593 604 899 977 1012 
15 52 67 97 120 140 164 179 231 397 403 459 529 599 614 923 
1 3 8 9 12 30 51 53 56 88 176 177 242 715 795 851 1018 
1 10 105 114 126 140 147 169 264 280 475 493 507 525 
1 14 17 47 69 213 254 317 349 353 407 476 571 580 882 
2 4 7 9 17 65 90 101 136 147 153 226 409 522 598 838 
18 31 38 60 98 106 143 153 201 221 232 257 324 506 
2 4 11 46 62 66 87 132 174 240 243 369 389 416 
9 12 23 48 52 85 156 181 186 253 435 440 465 474 592 733 
1 4 40 44 51 66 68 84 94 253 335 359 481 494 590 
43 60 77 81 91 105 131 163 188 237 290 356 390 479 547 651 
8 12 14 24 49 64 88 95 229 252 281 315 363 391 392 710 
4 5 59 72 193 202 213 233 246 266 296 481 573 575 
2 8 54 67 86 87 101 153 273 297 352 485 529 611 623 
1 29 50 105 114 136 155 240 379 413 420 503 530 
1 7 18 20 31 77 92 105 107 154 169 344 393 516 618 
1 4 14 46 58 63 67 71 362 369 400 415 507 515 531 
1 5 11 24 40 116 178 234 290 302 382 411 417 437 439 
1 33 44 50 53 78 85 96 124 145 180 337 376 471 472 
1 15 47 63 67 100 135 204 232 295 344 361 469 558 601 622 
2 5 33 73 75 81 168 179 231 283 387 406 414 525 549 806 979 
9 31 32 97 184 226 329 400 478 484 509 520 599 611 619 
1 32 57 79 80 90 154 212 228 259 278 287 339 371 586 
1 10 29 37 38 171 180 238 248 274 349 399 400 448 508 912 
1 7 48 49 58 75 128 142 146 181 288 602 
2 8 16 36 91 109 171 197 204 266 304 357 469 509 600 
65 73 80 99 189 192 211 237 250 278 332 358 379 593 626 
5 9 17 23 52 64 265 295 324 449 473 549 610 813 
2 16 33 61 82 91 109 118 187 218 295 350 428 437 475 
1 5 7 26 75 83 155 195 286 302 306 318 400 476 525 868 927 
1 3 17 33 52 90 114 143 157 196 236 263 543 553 630 
1 2 4 24 38 47 48 88 165 207 271 274 335 561 585 653 
16 53 106 123 139 144 172 221 237 244 268 296 403 599 605 941 956 
1 2 7 33 38 42 55 85 138 242 333 340 360 374 604 
5 28 38 85 106 109 121 169 170 214 217 230 415 522 562 
18 37 48 117 149 223 229 255 268 313 352 375 376 451 625 1004 
20 27 60 107 129 168 217 284 293 334 387 419 437 459 634 
1 2 5 7 27 38 125 126 219 277 295 458 525 637 
2 14 28 38 88 159 184 208 222 321 333 342 407 940 
1 2 3 8 13 16 26 32 33 143 358 383 424 577 
2 35 46 54 67 102 109 161 167 169 241 262 349 422 628 
1 19 33 73 80 81 130 150 199 256 305 357 362 419 597 767 988 
7 8 57 67 94 148 161 168 410 419 440 582 612 624 638 
1 2 7 10 26 71 201 246 334 435 446 486 507 566 647 
1 2 11 14 70 179 273 291 307 350 397 439 502 506 593 
1 10 14 66 85 127 135 150 213 234 367 421 504 585 627 742 
20 27 58 104 245 379 390 395 399 455 524 549 561 624 639 
1 16 72 146 165 197 220 247 256 262 338 416 464 597 951 
8 17 18 26 39 106 123 154 303 420 436 539 547 565 613 956 
2 29 50 58 106 107 135 200 278 384 410 471 538 609 620 
10 26 41 52 65 76 88 99 100 155 163 250 342 493 496 
10 24 44 58 66 135 206 263 294 358 402 481 577 635 651 735 
3 5 12 19 26 45 153 265 274 377 469 476 500 569 610 
6 18 22 31 69 76 104 129 149 227 236 273 449 472 485 952 
1 2 21 49 88 106 126 131 321 325 392 417 540 653 
1 7 11 14 15 45 46 65 68 250 306 368 398 553 652 
4 6 13 74 107 257 278 309 339 435 437 464 617 627 
11 58 68 83 172 218 263 283 300 430 508 522 535 544 627 
1 19 27 39 78 102 132 145 294 390 494 530 565 640 913 986 
8 9 19 105 176 203 223 369 380 415 421 442 462 474 491 
2 9 11 34 37 72 97 101 119 253 432 477 508 554 602 
2 17 21 33 41 169 175 274 288 289 337 353 374 635 
7 32 46 51 74 158 161 329 357 416 464 518 547 569 587 779 
1 2 4 26 49 65 131 148 150 356 408 449 610 799 1017 
5 27 49 75 90 120 176 187 192 247 286 333 430 491 670 
2 3 13 54 55 205 208 213 349 374 449 451 493 526 668 
2 12 27 44 56 66 95 135 161 162 170 252 317 609 
6 33 37 65 68 75 243 285 288 449 454 458 463 594 602 
1 49 53 67 83 136 192 244 357 358 454 478 560 600 735 
8 51 53 203 242 266 286 317 554 557 604 606 638 674 682 948 
2 11 14 39 42 45 52 189 219 273 276 299 347 417 853 
1 2 4 8 12 15 31 123 264 341 402 412 464 496 543 
1 2 12 38 61 129 155 268 367 416 542 593 682 686 
2 7 9 14 23 72 182 302 400 410 439 474 497 652 
2 4 12 31 69 79 82 153 220 295 431 565 581 632 656 
1 6 10 13 21 22 24 46 84 123 162 233 302 336 652 
1 5 10 12 110 126 127 260 418 432 529 533 545 574 624 645 
1 18 38 74 106 113 191 232 233 282 284 422 518 532 537 1005 
1 2 3 60 64 195 376 391 419 460 469 473 629 633 656 658 
4 14 27 32 48 61 64 90 99 126 146 169 316 381 480 
4 6 10 14 29 43 56 61 233 348 358 458 576 629 
1 17 18 67 79 109 187 288 318 320 407 417 428 526 538 897 996 
3 5 6 27 48 71 117 177 179 193 228 368 560 631 639 834 
1 35 36 86 103 147 161 189 278 285 292 491 510 566 660 
1 2 4 54 65 162 376 399 401 487 503 519 613 643 
2 18 28 71 102 114 175 207 222 324 380 434 481 504 661 675 862 1009 
1 7 8 24 27 53 227 242 269 285 346 437 587 625 689 
23 68 80 117 143 182 200 212 298 352 452 455 559 588 610 647 1021 
4 13 47 63 83 99 132 142 307 310 442 484 518 549 581 
1 5 10 14 43 48 96 113 169 224 331 346 447 589 639 962 977 
65 68 81 93 103 112 113 126 211 243 253 342 392 394 
2 5 17 19 78 100 101 158 210 303 445 461 476 517 596 904 
2 4 20 52 91 98 156 218 322 403 423 435 502 574 686 873 
10 20 28 43 97 149 171 270 312 390 454 501 507 534 
1 13 26 28 100 104 121 189 303 362 393 470 553 663 685 
2 12 13 14 27 54 132 150 223 312 326 475 646 679 742 
1 8 51 80 85 132 133 176 301 376 402 415 450 508 605 
5 26 35 85 92 103 106 107 111 132 148 221 406 679 833 928 
2 4 9 29 32 45 88 102 155 247 327 332 391 479 572 755 
2 4 15 48 176 185 189 257 376 402 538 568 569 665 936 959 
1 4 6 55 69 113 233 383 466 500 614 672 674 694 1006 
1 11 64 103 108 147 170 178 301 364 401 433 503 593 
2 10 14 18 21 104 188 207 236 338 418 435 456 530 683 
1 18 29 55 61 66 68 81 84 95 129 161 362 429 482 887 905 
4 5 11 17 27 75 172 197 206 261 293 306 382 555 640 
1 3 5 7 33 40 161 194 232 291 303 476 513 653 657 927 
1 2 4 10 125 160 331 349 351 553 595 638 659 716 747 922 
1 13 20 62 165 183 198 210 251 276 310 506 569 642 
11 17 23 29 53 83 127 205 236 295 306 387 421 581 587 968 
2 10 21 30 91 182 219 225 279 339 483 499 543 590 
2 5 26 55 60 66 110 187 200 309 392 522 551 565 634 
2 11 51 59 95 139 167 185 249 375 447 469 554 585 685 718 984 
1 5 16 48 59 99 120 131 293 311 366 397 521 527 655 
1 10 14 16 31 58 83 130 176 231 298 401 419 520 878 
1 151 232 264 303 309 342 386 411 431 448 455 556 587 698 833 916 
2 7 17 51 80 86 122 167 264 292 312 397 402 665 699 1007 
1 2 3 56 87 101 103 176 182 221 284 484 532 534 
17 55 58 110 115 124 161 169 201 334 430 482 579 621 696 972 
2 3 8 85 131 157 216 285 288 297 349 365 603 644 
1 12 13 40 45 47 55 97 108 165 387 391 532 601 622 646 909 
1 20 71 75 87 184 263 315 329 362 523 565 632 642 689 906 
4 9 49 89 154 162 232 357 387 508 561 571 585 587 603 906 
2 56 110 125 161 164 251 263 294 348 354 516 612 636 998 
1 10 23 55 105 128 129 147 197 324 353 405 421 441 
2 8 28 32 55 56 84 107 192 194 371 390 449 679 681 
2 17 48 170 254 344 375 406 429 450 458 585 675 714 
20 22 37 55 67 76 107 120 156 239 254 312 414 536 537 
1 2 13 37 65 71 86 159 207 360 395 432 471 524 713 1021 
10 17 33 118 178 292 312 336 397 402 504 551 605 698 705 931 
1 10 18 23 31 43 56 127 249 274 385 432 528 720 1002 
7 20 21 24 82 92 127 137 237 312 450 526 558 607 714 
3 34 52 56 68 77 90 100 174 203 280 372 398 417 989 
1 11 20 60 64 121 243 308 389 467 534 593 608 612 648 
1 25 36 55 83 141 148 335 455 543 597 637 638 693 714 
1 4 5 19 24 33 74 109 148 166 246 429 469 518 529 686 
4 7 13 20 56 96 288 394 398 416 565 602 650 672 697 747 761 
4 8 11 38 42 50 67 97 132 173 176 198 439 614 639 707 712 928 
7 10 26 30 32 38 50 92 142 144 287 319 380 566 631 916 994 
2 39 50 58 59 104 162 181 220 458 486 527 554 695 
4 14 20 24 114 229 284 286 287 347 470 707 725 729 890 973 
7 9 17 21 153 155 172 220 278 308 412 446 522 655 667 
7 13 20 105 234 274 311 351 403 466 473 486 690 735 746 971 998 
29 40 170 177 183 200 256 279 288 329 537 558 696 725 729 971 
1 2 16 49 120 143 159 180 327 375 406 463 585 626 670 
13 14 20 31 41 43 58 63 162 197 207 283 331 641 729 
4 7 13 17 26 27 97 167 210 215 260 265 274 552 660 802 
3 11 13 29 30 35 81 92 118 162 199 338 452 675 
9 54 116 143 156 205 230 257 340 360 414 440 469 497 602 
2 124 152 199 209 210 221 265 289 373 445 538 555 728 759 
2 18 22 65 77 83 132 144 145 183 190 191 214 302 473 884 
7 11 35 39 51 144 166 192 205 228 271 291 311 484 620 763 
9 66 70 99 105 107 150 306 334 360 381 450 666 671 727 
2 7 11 36 51 95 179 199 257 351 358 374 425 626 693 918 
4 11 14 55 164 191 192 210 281 382 432 583 632 733 760 916 
1 2 24 47 142 238 332 373 547 590 595 598 711 742 1020 
2 4 17 68 92 105 136 167 177 204 315 461 504 585 740 
2 14 16 20 135 150 190 204 227 275 644 676 736 741 753 799 887 
1 2 25 92 118 154 190 218 445 457 522 576 706 734 
1 4 17 37 40 133 394 437 490 514 526 612 741 
2 53 85 90 110 115 177 183 197 224 301 330 409 548 586 
4 42 60 85 125 214 221 261 287 295 339 464 520 745 760 
2 14 87 101 149 160 253 260 274 402 467 476 631 650 990 
10 37 38 50 81 87 104 236 243 307 412 484 512 604 659 718 
1 2 25 65 136 163 225 243 312 320 338 343 480 617 773 
2 12 32 37 53 65 108 118 132 150 164 423 587 645 739 
2 5 9 20 25 36 69 112 132 199 312 373 445 591 679 721 1004 
4 5 20 81 90 117 213 234 299 304 336 414 471 535 663 
1 11 47 94 102 105 190 215 244 247 249 284 345 363 498 992 
1 4 5 6 11 14 56 61 74 87 383 716 772 780 
1 43 67 78 148 170 208 285 291 302 506 607 657 738 750 768 897 
1 11 17 26 44 68 80 93 131 177 200 238 472 532 550 690 
1 15 57 58 90 127 172 218 275 277 397 528 606 608 680 
2 6 7 8 11 22 37 103 200 202 264 397 458 563 725 
1 7 15 37 229 243 261 278 279 389 545 597 644 668 670 888 1008 
2 43 82 135 152 288 299 406 448 547 571 681 764 782 
1 14 29 31 37 42 49 275 339 345 439 490 714 736 
2 11 22 26 45 181 187 244 381 403 444 464 473 501 732 
2 10 12 19 52 65 66 124 166 252 321 324 576 591 624 644 
5 15 40 49 52 82 111 120 157 337 342 424 430 615 768 
2 11 39 93 121 243 275 277 303 375 499 573 657 662 737 998 
12 36 76 93 123 149 153 340 417 451 616 617 767 791 
1 4 5 27 28 51 81 105 269 347 348 515 620 632 722 
7 10 11 39 147 283 289 327 343 358 590 694 703 744 775 
4 28 33 50 97 149 276 339 368 404 442 540 574 625 669 718 
1 2 55 80 110 124 128 161 231 368 369 416 496 508 591 611 
2 11 50 53 117 128 169 196 260 324 360 427 598 602 636 
27 33 50 63 72 86 188 238 266 291 310 438 489 655 706 990 
5 7 33 129 208 409 435 493 516 584 684 685 730 781 
1 11 33 63 72 174 214 243 267 337 374 521 540 615 627 659 
1 23 30 47 216 218 257 293 295 317 325 507 683 719 723 810 
1 2 6 40 145 175 260 264 359 518 622 663 704 
1 2 19 41 48 67 71 116 162 204 240 476 649 685 690 708 
1 5 6 8 9 12 47 272 309 316 452 568 763 
1 2 15 38 40 45 51 97 144 383 425 480 669 689 701 
1 2 6 26 27 38 47 98 100 110 172 266 312 326 347 909 
1 4 5 17 19 27 55 59 76 93 244 378 402 681 707 
1 2 3 5 74 85 89 185 219 296 307 308 511 583 802 
1 4 9 16 65 95 139 164 284 285 448 461 519 618 685 687 
5 9 34 43 46 66 90 93 267 277 289 307 473 527 618 
1 2 10 16 28 36 90 95 100 107 208 469 488 732 788 
131 177 217 232 257 320 376 383 444 446 508 546 611 668 776 890 925 
5 38 48 88 90 110 116 359 413 443 445 520 521 552 633 
1 20 23 50 85 183 184 280 331 460 627 666 669 749 789 967 
4 6 7 14 32 65 96 246 288 373 492 585 680 700 765 842 
2 4 10 13 26 47 70 135 140 221 319 457 629 818 822 
16 29 71 77 83 119 164 230 294 326 339 361 435 550 754 
26 51 53 86 146 149 254 277 314 431 441 452 461 636 748 878 
4 55 124 166 169 253 284 305 422 545 563 629 638 776 817 
17 62 78 88 114 223 247 275 314 361 420 454 638 739 803 964 
19 44 52 65 118 143 174 208 331 452 518 520 608 727 746 
1 6 11 14 43 52 69 89 114 174 323 645 737 
34 42 60 63 86 101 104 136 184 282 515 651 653 732 759 790 976 
2 6 24 44 55 116 172 243 337 389 399 518 587 723 795 
2 16 33 37 38 45 76 209 223 251 356 443 620 663 707 
12 23 45 55 65 75 179 227 305 306 309 508 514 712 821 
1 2 15 16 31 67 230 264 275 444 510 540 605 660 856 
10 11 19 47 67 249 344 346 353 461 489 563 606 685 930 
1 2 7 95 219 262 309 322 324 461 491 584 758 812 
4 89 114 145 188 226 260 342 486 496 566 581 681 706 751 
1 10 18 43 59 180 284 361 423 597 644 676 810 828 
7 11 16 43 68 78 128 140 152 266 393 531 532 762 781 
20 39 47 93 143 168 187 337 543 547 622 650 659 732 823 
2 8 9 73 83 112 116 410 448 471 527 540 663 745 799 1021 
1 2 12 58 72 95 110 118 159 261 281 388 441 625 700 
5 42 76 86 101 118 123 386 425 426 464 481 538 709 793 905 
1 18 38 72 95 107 112 138 299 331 468 508 666 671 818 
29 81 91 115 136 159 233 251 517 688 690 717 732 785 819 919 
1 2 3 7 20 37 60 62 109 220 504 652 664 764 796 814 933 
8 64 136 167 184 189 239 302 347 397 510 676 682 788 808 869 942 
4 87 185 215 248 259 280 283 331 357 427 497 589 638 773 
1 2 14 20 31 38 40 81 135 455 680 783 786 798 811 
8 29 59 74 77 81 174 180 190 385 501 746 752 813 
2 4 25 38 74 105 154 186 269 270 348 357 469 572 755 
1 19 97 111 204 240 323 352 461 463 606 783 821 
6 10 43 48 51 54 88 90 107 136 222 249 280 381 480 567 
2 14 38 60 84 198 211 234 241 323 562 694 812 828 
10 18 46 50 65 69 86 164 184 306 340 486 724 750 775 827 967 
2 4 6 15 74 203 231 243 281 393 508 617 791 984 
9 15 20 106 120 144 149 155 157 200 354 466 531 732 737 
1 40 58 158 162 216 229 291 298 346 351 355 721 746 818 
1 2 5 26 30 43 61 72 99 208 428 443 590 709 732 
2 25 56 119 283 296 301 346 357 358 541 573 702 708 761 986 
1 8 30 44 60 67 153 159 195 291 305 520 524 544 559 696 704 
2 5 15 36 53 58 82 196 283 286 403 619 648 771 806 834 
3 26 68 75 86 150 168 170 184 280 390 529 627 749 779 835 1001 
1 2 6 33 47 100 152 182 185 220 265 285 362 594 713 764 
4 7 20 39 52 68 114 174 220 265 269 274 295 731 843 852 
1 6 37 40 77 107 118 121 129 133 167 348 482 488 490 567 
4 10 18 25 32 52 108 241 253 318 347 409 610 613 759 
27 45 56 63 75 196 226 296 314 388 403 607 640 673 842 
1 2 7 14 17 111 144 211 239 281 423 543 607 701 741 758 
2 5 64 99 118 170 214 230 393 417 483 500 552 556 824 
26 31 34 37 87 89 114 148 162 164 269 531 671 801 835 
1 14 30 68 91 221 331 339 563 594 718 787 838 848 1009 
2 7 12 25 39 53 186 211 316 457 486 526 569 571 651 
8 30 35 54 94 98 213 229 321 327 332 343 550 801 816 
2 4 24 62 164 205 219 316 322 339 403 445 747 
1 25 60 71 136 146 162 192 204 230 237 257 269 592 638 
20 63 156 193 272 346 365 381 395 499 586 665 727 841 865 
1 5 33 34 49 113 187 226 259 349 457 685 734 
8 23 33 56 185 212 253 283 516 526 529 591 701 767 836 859 971 
1 57 59 77 110 127 149 193 205 213 274 493 749 751 843 
1 16 38 53 125 213 215 232 324 448 677 750 753 785 860 
2 62 116 149 253 301 313 365 378 472 584 689 708 858 865 
2 27 43 56 60 117 135 191 225 233 370 406 444 725 816 942 
1 11 54 77 84 89 327 415 477 491 493 510 588 672 863 
1 9 11 32 33 111 124 135 219 238 261 520 540 603 616 902 
1 17 25 50 55 78 81 148 179 212 309 356 414 855 858 
1 2 7 11 59 305 319 384 448 489 772 822 845 858 
55 75 76 219 236 258 363 393 416 495 674 867 880 956 
6 20 40 46 72 98 219 259 445 451 480 630 675 712 755 893 
30 78 79 92 103 199 417 437 480 486 524 599 603 874 890 926 
16 26 111 118 208 234 241 284 310 349 362 402 565 658 799 
10 15 18 19 63 83 122 128 191 226 229 271 416 746 769 823 
1 13 15 24 33 42 69 75 108 249 271 288 361 637 666 
5 8 9 14 21 66 77 87 132 154 283 443 631 718 811 867 
1 10 18 52 103 158 218 241 243 350 409 590 633 779 787 
21 28 58 60 106 129 253 264 309 367 373 422 567 569 634 823 
21 22 37 38 40 49 56 99 116 119 166 353 388 743 755 
2 28 74 95 108 184 281 375 397 414 416 473 560 626 767 919 
15 33 49 61 106 144 183 309 333 458 460 546 584 608 652 
45 56 61 83 198 330 352 359 385 411 472 500 596 757 998 
2 12 18 19 34 72 260 305 366 431 479 534 551 583 833 850 
1 2 6 28 51 67 83 91 246 266 380 430 549 610 805 838 
1 14 45 86 113 143 228 244 498 504 524 607 781 898 1001 
11 12 25 34 39 83 120 170 390 411 522 586 703 829 873 
2 6 13 18 46 103 142 146 186 430 469 493 507 546 635 736 761 
5 42 60 86 247 452 541 563 567 641 662 736 765 796 
2 42 43 46 84 88 117 120 249 385 490 521 644 770 851 
7 28 90 135 149 183 191 198 237 380 466 512 520 537 554 
10 26 68 97 144 169 171 176 203 226 404 483 679 738 
42 54 237 295 315 359 419 424 466 513 611 628 653 753 811 890 
15 38 97 130 135 220 228 277 307 329 368 407 563 782 1003 
33 114 127 138 185 206 207 303 717 724 775 810 830 848 865 
7 21 27 96 145 159 180 198 224 302 325 443 454 655 706 
4 7 37 67 166 171 306 310 338 377 583 586 659 776 822 
16 24 104 117 119 142 162 302 313 415 564 579 654 658 851 889 933 
1 4 10 17 45 62 68 149 308 403 455 471 581 704 753 893 973 1006 
10 12 22 28 51 171 345 374 418 464 534 572 759 786 846 853 994 1005 
9 10 27 38 79 100 110 122 215 349 503 523 727 765 797 
8 9 14 78 88 107 113 120 209 387 421 488 602 785 873 925 962 
3 9 10 11 12 26 58 76 121 128 147 185 186 397 451 
50 51 53 124 127 215 216 226 316 331 390 452 715 783 914 
4 18 42 53 76 116 236 268 421 520 642 709 727 813 844 
1 13 42 60 99 102 140 226 302 336 434 499 517 640 821 
2 12 24 28 33 72 172 237 262 385 401 437 552 689 
18 21 39 71 73 74 99 106 248 349 381 572 620 679 854 905 1021 
1 33 41 47 51 123 141 169 200 202 315 514 560 663 833 970 
2 20 28 62 74 90 194 210 220 326 397 603 721 763 792 
128 154 159 181 216 264 272 340 387 459 691 772 854 878 881 
1 4 5 58 84 86 143 204 281 326 383 442 483 590 626 1009 
2 34 53 58 87 94 127 177 204 276 306 354 780 786 805 918 
1 3 7 40 95 99 100 125 262 316 360 373 406 518 801 
6 13 60 95 103 150 157 222 628 709 744 784 878 
28 53 197 223 321 347 364 378 476 511 584 642 706 794 849 1016 
1 2 15 52 56 116 118 235 286 338 455 591 666 810 
2 28 42 44 100 171 303 398 494 510 558 694 703 894 
1 4 56 72 83 86 110 131 201 402 403 508 509 594 811 961 
1 2 15 38 85 86 103 113 205 301 460 693 748 854 1001 
5 36 39 76 126 156 167 170 186 315 440 668 715 929 960 974 
17 69 92 273 283 290 305 321 322 336 406 409 681 759 789 794 
1 3 10 36 98 140 164 173 181 398 533 594 632 931 948 
22 43 88 96 152 179 260 287 318 416 439 464 465 618 696 810 
1 76 83 125 225 233 258 280 295 312 352 403 434 701 774 
1 7 128 141 154 235 261 435 570 732 859 885 909 910 936 
1 2 3 15 27 28 49 50 174 278 323 395 408 576 669 847 
1 2 34 42 50 89 122 303 412 500 557 613 755 771 774 791 820 
4 8 43 95 273 336 401 438 473 547 553 611 626 634 683 970 
1 3 10 12 18 35 252 278 295 323 435 779 837 932 
2 4 11 15 24 105 205 248 323 367 384 394 606 641 726 895 
1 13 43 71 114 191 219 233 272 302 360 377 412 639 933 
8 13 63 83 86 113 464 497 523 574 582 599 703 710 924 
2 35 79 100 164 312 391 402 580 624 637 693 719 831 888 
1 2 3 4 7 9 33 140 192 324 333 407 430 442 832 939 
2 123 205 250 306 307 316 515 575 726 764 885 922 
10 14 42 51 62 82 125 330 482 589 595 637 641 832 
1 20 86 91 268 362 381 403 488 490 528 701 807 899 923 1005 
1 2 5 20 46 100 164 244 307 318 568 599 679 792 848 
3 9 40 53 60 88 213 225 257 545 591 600 643 778 832 851 933 
7 105 187 264 368 380 390 425 458 465 496 521 823 826 865 932 
1 2 78 93 172 189 450 458 518 522 719 775 788 816 946 
5 7 70 127 143 252 357 368 560 639 776 797 822 854 
1 47 64 72 136 148 188 198 239 264 322 458 610 652 781 
8 10 18 92 121 237 332 401 462 472 522 536 747 756 764 
13 58 59 111 113 116 222 272 282 353 372 459 476 606 710 
22 43 111 135 158 283 298 310 315 316 377 623 693 752 854 931 
2 12 109 114 159 187 238 300 383 470 474 612 651 755 
1 3 11 12 17 58 163 226 362 494 582 821 882 902 
10 47 67 89 104 136 192 275 414 477 616 657 794 873 923 
1 8 72 93 149 171 329 417 465 555 613 685 724 806 912 991 
1 11 28 42 45 50 57 65 83 85 200 340 758 949 
25 101 110 118 156 304 318 508 538 666 790 825 878 902 
1 2 4 12 14 30 190 556 558 582 720 744 
1 2 169 178 295 324 378 445 462 558 654 715 767 925 926 954 
1 2 5 8 43 167 208 459 519 618 656 690 710 732 843 
1 9 33 71 99 167 263 266 360 389 473 477 769 818 860 
1 15 69 297 321 323 326 336 357 420 533 572 660 835 856 905 1005 
6 10 14 107 159 167 208 233 316 337 377 419 529 775 781 795 
10 34 42 100 121 239 268 433 473 563 617 655 693 738 791 
1 4 8 13 31 37 109 178 198 373 386 411 516 545 626 
12 29 53 79 99 158 192 241 253 399 473 553 649 788 894 
1 3 13 145 175 271 285 337 428 502 556 676 862 938 958 
11 15 38 74 113 295 369 412 438 455 499 634 705 707 778 962 
1 6 11 44 56 114 129 136 274 300 448 493 532 559 742 748 
4 11 14 17 34 54 58 384 390 436 497 551 573 685 759 994 1006 
2 13 42 74 142 207 228 346 376 396 448 576 596 810 844 984 
1 8 52 60 134 161 220 287 440 530 560 591 679 723 767 856 
52 91 115 116 228 313 372 377 451 515 553 586 804 836 946 
24 27 72 102 103 126 186 229 297 320 414 497 513 679 
14 58 124 178 211 258 280 312 387 490 515 574 602 729 781 
16 17 18 29 72 144 279 327 401 439 470 548 666 707 771 891 
62 107 156 184 235 255 303 338 414 436 483 613 638 686 890 892 997 
14 24 58 67 120 129 319 370 552 599 606 610 813 930 947 
4 117 130 132 217 263 273 555 580 663 741 783 861 877 892 
1 4 14 58 65 104 176 210 263 282 333 488 523 533 691 734 786 833 
2 17 30 34 72 101 126 131 135 231 395 529 738 779 785 890 966 
42 47 87 130 205 324 344 377 395 473 475 546 680 769 877 900 
2 27 63 114 172 216 228 293 343 346 425 555 644 685 701 
1 12 28 33 60 92 129 317 418 692 730 806 890 925 929 
1 54 70 100 126 145 176 189 311 362 405 516 561 786 824 
2 8 25 52 111 113 120 212 280 287 323 399 538 659 932 
1 10 15 31 58 116 243 476 570 585 643 750 871 917 940 
10 26 29 34 51 198 209 233 399 481 487 521 563 789 806 883 
29 64 88 104 153 187 471 482 586 730 747 760 772 823 845 982 997 
9 11 69 103 237 291 315 449 524 568 630 710 763 784 968 
1 2 5 28 45 54 58 69 87 91 115 430 612 
6 19 26 66 140 190 327 347 418 427 509 517 567 867 
2 39 50 62 87 108 172 264 322 337 354 393 466 570 992 
1 24 41 55 167 227 234 360 364 426 560 588 639 806 943 1018 
4 17 80 103 116 164 190 375 463 549 569 576 744 898 901 935 
1 2 7 17 33 46 108 260 303 346 347 604 702 786 928 
5 27 43 76 190 192 234 238 295 303 318 420 513 806 
1 2 17 21 51 90 119 135 154 175 178 194 489 751 934 986 
38 74 114 129 222 230 243 349 442 520 565 573 763 959 989 
42 119 146 229 265 361 471 564 566 836 839 858 882 944 975 
65 66 75 143 150 423 678 682 716 730 745 797 920 937 964 975 985 1004 
6 63 114 303 330 360 370 460 470 604 641 759 806 859 949 971 
2 48 86 110 192 213 282 421 521 587 683 712 766 967 
7 44 65 68 87 180 183 266 312 472 537 745 866 954 961 
2 20 77 125 199 243 245 309 318 342 344 348 674 788 1015 
1 2 24 28 237 332 344 365 494 560 727 900 953 978 989 
24 27 32 82 97 115 117 292 299 337 402 452 580 699 798 919 1009 
8 18 37 44 49 149 264 273 283 607 696 732 774 890 935 
1 10 92 94 109 111 120 207 253 323 374 454 490 714 
1 11 19 24 164 168 179 229 237 360 484 542 549 666 731 889 996 
10 11 26 58 63 84 244 375 448 531 813 913 970 997 1003 
2 22 24 33 35 90 99 119 206 226 278 384 617 942 957 
2 48 67 71 102 108 113 186 279 280 307 342 536 896 934 
8 36 37 40 133 275 433 517 541 551 687 782 872 893 969 
1 2 62 196 255 306 324 365 474 481 536 548 706 777 782 993 
