6301 20777 0
2 3 4 5 6 7 8 9 10 11 


12 13 14 15 16 17 18 19 20 21 
22 23 24 25 26 27 28 29 30 31 
32 33 34 35 36 37 38 39 40 41 

39 42 43 44 45 46 47 48 49 
50 51 52 53 54 55 56 57 58 59 
36 37 44 60 61 62 63 64 65 66 

335 927 1911 1912 1913 1914 1915 1916 1917 1918 


164 236 1052 1609 1740 2066 2953 2954 2955 2956 

2207 
260 715 948 1019 1146 1148 2674 3842 3843 3844 



9 32 37 38 62 83 463 464 475 




969 2716 3056 3463 3464 3465 3466 3467 3468 





10 22 36 44 47 84 489 493 494 495 

5 10 64 73 80 121 388 389 464 
342 827 828 829 830 831 832 833 834 835 
45 47 64 65 80 352 490 845 
37 374 438 638 817 885 886 887 888 889 
33 37 46 65 80 83 95 97 463 965 
125 1325 1326 1327 1328 1329 1330 1331 1332 

62 83 96 453 476 557 559 560 561 
6 63 353 355 386 491 638 639 640 
42 82 83 95 97 388 557 570 614 
10 32 33 34 42 44 81 83 463 

4 38 43 46 65 355 388 389 493 614 



5 6 10 39 66 140 351 561 964 965 
14 64 349 715 2173 2174 2175 2176 2177 2178 
10 39 44 46 63 81 140 389 453 614 
37 38 63 83 463 464 475 556 570 
1220 1474 1537 1744 3718 3719 3720 3721 3722 3723 
8 22 36 39 63 66 81 141 557 


5 8 42 81 141 557 614 965 
42 43 47 48 61 63 80 463 476 478 
9 34 38 40 43 44 83 84 494 

366 836 837 838 839 840 841 842 843 844 
204 226 389 419 791 846 847 848 849 850 
246 750 851 852 853 854 855 856 857 858 
224 859 860 861 862 863 864 865 866 
68 69 70 71 72 73 74 75 76 77 

78 
79 
4 38 41 65 80 81 82 83 84 85 

86 87 88 89 90 91 92 93 94 


32 61 84 95 96 97 98 99 100 101 
102 103 104 105 106 107 108 109 110 111 


4 8 42 61 66 82 83 475 476 477 
300 496 497 498 499 500 501 502 503 504 
34 37 41 60 62 83 84 463 475 559 
5 6 8 38 388 453 614 965 
5 39 60 65 353 386 491 560 639 1334 
373 602 836 1256 1952 1953 1954 1955 


278 450 480 528 2386 2855 3561 4272 4481 4482 
291 801 4448 4731 


42 46 61 66 100 140 561 1792 3265 



41 46 60 84 386 476 493 560 643 1334 
6 8 35 42 141 389 453 557 627 
742 845 1136 1243 1325 1602 1642 2280 2425 2426 


696 898 907 1001 1087 1595 1912 2349 2771 3845 
375 376 

2044 


104 295 344 806 1847 1902 2752 3376 3846 3847 


305 641 1466 2046 2485 3306 3636 3848 3849 3850 

113 114 115 116 117 118 119 120 121 122 


123 

124 125 126 127 128 129 130 131 132 133 
134 135 136 
137 138 139 
4 6 9 32 37 40 42 60 140 141 
60 142 143 144 145 146 147 148 149 150 
103 151 152 153 154 155 156 157 158 
152 1172 1799 1805 1891 2073 2537 2538 2539 2540 




417 962 1045 1440 1529 2130 2148 3714 3715 





52 299 1697 1849 2167 2168 2169 2170 2171 2172 


1672 2192 2382 2383 2384 2385 2386 2387 2388 2389 
2129 3445 
126 235 553 1346 1429 2557 2633 3234 3680 4085 
33 46 353 355 386 488 489 490 491 492 
4 6 8 37 42 84 140 463 556 561 
143 616 644 853 1772 1773 1774 1775 1776 1777 



294 546 1986 2015 2043 2081 2111 3061 3210 3345 
164 380 953 1731 2209 2894 2902 4074 4333 4334 




65 583 1602 1754 2124 2133 2554 2555 2556 2557 
4 32 33 34 38 41 80 464 476 571 
126 643 1426 1474 1611 1669 1670 2770 3213 3214 
246 583 855 3045 3528 3529 3530 3531 3532 
113 755 1141 1342 1392 3533 3534 3535 3536 
230 813 820 1086 1967 2542 3447 3537 3538 
327 749 1354 2247 2501 3539 3540 3541 3542 
160 161 162 163 164 165 166 167 168 169 


4 35 36 37 38 40 42 80 140 141 

133 170 171 172 173 174 175 176 177 
178 179 180 181 182 183 184 185 186 187 



31 188 189 190 191 192 193 194 195 196 



704 708 1535 1541 3630 3722 3945 3946 3947 3948 






853 1754 3035 3271 3757 3851 3852 3853 3854 3855 
222 308 331 767 852 1167 1272 3856 3857 3858 
542 1415 1526 2502 2776 3859 

187 553 1167 1323 1602 2887 3860 3861 3862 3863 


34 35 42 44 140 141 355 389 557 614 


316 1234 2235 2316 2480 3864 3865 3866 3867 3868 

843 1073 1840 1941 1962 2474 2668 3869 3870 

5 6 22 42 83 85 388 476 493 


198 199 200 201 202 203 204 205 206 207 




208 209 210 211 212 213 214 215 216 





37 38 61 65 82 85 386 387 388 389 






196 425 641 1703 3054 3802 4879 5198 5199 5200 

218 219 220 221 222 223 224 225 226 227 




228 229 230 231 232 233 234 235 236 
180 237 238 239 240 241 242 243 244 245 
246 247 248 249 250 251 252 253 254 
255 256 257 258 259 260 261 262 263 
256 264 265 266 267 268 269 270 271 272 
145 172 173 273 274 275 276 277 278 279 


790 

1765 2267 2938 2948 3046 3743 3871 3872 3873 3874 
992 1035 2394 2492 2720 3875 3876 3877 3878 
69 631 912 1724 1782 1955 3135 3611 3879 3880 

572 626 1087 1234 1892 2382 2700 3881 3882 3883 
226 534 2255 2285 2286 2287 2288 2289 2290 2291 
22 34 40 42 61 140 389 1897 3531 3928 

123 145 210 355 584 887 933 992 1239 1247 1518 1816 1886 1945 2100 2225 2772 3490 3929 3930 3931 3932 3933 3934 
3935 
139 482 934 987 1009 2556 2965 3000 3936 3937 

3938 
153 297 734 1382 1490 2112 2965 3294 3296 3380 



209 1220 2728 2799 2800 2801 2802 2803 2804 2805 






552 1467 1991 2491 3275 




147 992 1392 2841 3916 3917 3918 3919 3920 3921 
528 

181 373 374 
186 324 390 391 392 

1373 1441 1889 2451 2754 2825 3213 3884 
194 733 1457 3480 3885 3886 3887 3888 3889 3890 
22 32 34 42 95 140 351 388 560 3398 

2892 


747 840 1375 1793 2337 3107 3941 3942 3943 3944 





72 281 282 283 284 285 286 287 288 289 
47 290 291 292 293 294 295 296 297 298 
145 299 300 301 302 303 304 305 306 307 




96 123 308 309 310 311 312 313 314 315 

300 316 317 318 319 320 321 322 323 324 
406 650 651 1080 1422 1423 1424 1425 1426 1427 







87 1172 3979 5180 5181 


571 1003 1077 1092 1093 1094 1095 1096 1097 1098 
546 610 1533 2402 2403 2404 2405 2406 2407 2408 




220 607 1303 1310 1532 1533 1969 2232 2891 2992 
1303 2435 3014 3306 3615 3678 3895 3896 3897 3898 

968 1280 2398 2687 2792 3899 3900 3901 3902 3903 
66 605 1039 3385 3648 3904 3905 3906 3907 3908 
50 293 399 575 2461 3061 3739 3909 3910 
672 1877 2775 3362 3639 3911 3912 3913 3914 3915 





82 164 614 791 1217 2282 2549 2841 3010 3011 




946 1420 1926 2390 3637 3891 3892 3893 3894 
273 326 327 328 329 330 331 332 333 334 

170 335 336 337 338 339 340 

341 
106 342 343 344 345 346 347 348 349 350 

8 9 10 41 47 351 352 353 354 355 


927 2267 




2173 2643 2821 3294 4086 4087 4088 4089 4090 
77 295 1095 2734 3386 3725 3949 3950 3951 3952 
2352 2416 2615 2616 
594 641 1154 2017 3687 

2655 
637 764 1103 1662 2525 2938 3922 3923 3924 3925 
3926 
1214 1222 1847 2168 3927 


32 43 60 62 63 80 83 387 463 570 
32 39 43 964 1121 1122 1123 1124 1125 1126 


484 523 871 1041 1490 2112 3296 3380 3939 3940 
102 264 357 358 359 360 361 362 363 364 

58 315 365 366 367 368 369 370 371 372 






747 748 749 750 751 752 753 754 755 756 
412 
610 1841 2709 2832 3232 3233 3234 3235 3236 3237 





374 669 775 814 815 816 817 818 819 



208 265 266 378 379 380 381 382 383 384 

385 

393 
394 395 396 397 398 399 400 401 402 403 

404 405 406 407 408 409 410 411 412 413 
132 363 2176 2277 3869 3953 3954 3955 3956 3957 
10 38 42 62 141 387 388 614 965 
129 1310 1311 1312 1313 1314 1315 1316 1317 1318 
395 424 615 1047 1590 1618 1619 1620 1621 1622 






4 6 8 34 40 42 140 386 453 464 
283 748 1548 1934 2101 2585 2586 2587 2588 2589 


6 22 36 37 42 43 65 140 557 964 

1203 
164 386 722 914 2117 3566 3568 3739 3958 3959 
119 206 218 715 1173 2566 3568 3960 3961 3962 
1029 


35 40 41 43 351 386 453 559 560 571 
46 97 387 388 389 476 477 614 695 2160 
565 1081 2565 3530 3963 3964 3965 3966 3967 3968 



464 668 1380 1919 2711 3969 3970 3971 3972 3973 
415 416 417 418 419 420 421 422 423 424 
425 426 427 428 429 430 431 432 433 434 
435 436 437 438 439 440 441 442 443 444 
246 445 446 447 448 449 450 451 452 
22 35 40 42 46 73 82 95 389 453 


372 428 454 455 456 457 458 459 460 461 




224 857 994 1274 1908 3041 3042 3043 3044 3045 



4 32 35 37 38 65 84 96 464 477 




1720 1963 2636 2690 2913 3162 3163 3164 3165 3166 
33 39 43 44 65 81 463 570 571 964 
418 932 1107 1112 2372 2466 2592 2715 2989 3469 
1595 2110 2665 3342 3646 3648 3649 3650 3651 

1683 
5 22 35 40 42 73 97 351 388 557 

397 424 1345 2010 2185 3903 3991 
149 456 1080 1986 3345 3528 3713 3992 3993 3994 



8 10 33 37 39 42 63 65 386 463 
6 39 40 42 44 493 494 557 614 627 
696 1096 1144 2209 2393 2961 3060 3662 3974 3975 
1720 1992 2214 2498 2702 2735 2937 3976 3977 3978 
148 509 1400 2344 2353 3155 3979 3980 3981 3982 
1208 2568 2643 2985 2986 2987 2988 2989 2990 2991 

363 1235 1640 1960 1962 2404 2643 

8 42 82 83 97 476 570 694 1701 
66 95 386 476 477 1919 2402 3774 3983 3984 

121 440 1478 3179 3985 3986 3987 3988 3989 3990 
11 33 36 39 42 43 386 493 522 2469 
4 32 33 34 60 80 81 140 463 464 
465 466 467 468 469 470 471 472 473 474 
78 479 480 481 482 483 484 485 486 487 







3685 


8 562 563 564 565 566 567 568 569 
384 871 1226 1227 1228 1229 1230 1231 1232 1233 
5 33 84 476 1319 1320 1321 1322 1323 1324 

6 10 39 45 61 64 97 453 492 522 


231 771 871 1725 1877 2113 3078 3294 3295 3296 
174 198 466 1882 2583 3166 3995 3996 3997 3998 



54 131 300 628 891 1348 1761 3425 3729 3999 





628 629 630 631 632 633 634 635 636 637 


18 415 523 524 525 526 527 528 529 530 

703 954 1606 2148 2162 2200 2201 2202 2203 2204 

498 595 959 996 2539 3093 4000 4001 4002 4003 
214 285 1355 1868 1891 1965 2751 2939 3471 4004 



479 496 506 507 508 509 510 511 512 513 
240 360 514 515 516 517 518 519 520 521 

160 479 531 532 533 534 535 536 537 538 
52 219 539 540 541 542 543 544 545 
546 
113 547 548 549 550 551 552 553 554 


147 372 479 738 1392 1856 3226 3227 3228 3229 
3706 
496 525 614 965 2111 2919 4015 4016 4017 4018 
84 297 584 950 1449 1746 2363 2760 3276 4019 
522 1167 1474 1674 1840 2253 3738 4020 4021 4022 
4023 
8 39 45 46 47 61 63 64 476 953 

342 467 1023 1057 1671 1746 1747 1748 1749 1750 
23 300 317 641 642 867 868 869 870 871 
6 64 560 2795 2796 2797 2798 
464 482 618 1221 2476 2531 2897 2985 3280 3281 
4 9 34 36 40 43 97 476 571 614 

584 831 1062 1179 2016 2273 4005 4006 4007 4008 
120 632 1073 2023 2566 3266 3327 4009 4010 4011 
441 506 882 1470 1749 2305 2583 3101 3612 4012 
71 554 874 1052 1793 2094 2095 2096 2097 2098 





305 653 793 1541 2367 4024 4025 4026 4027 4028 





142 330 638 2407 3975 5265 5429 5430 
55 84 476 1032 2087 2422 3830 4758 5665 5666 






123 332 823 1131 1848 3160 3612 3613 3614 3615 


1046 1137 1143 1240 1311 1642 2773 3537 4013 4014 
8 22 42 61 82 351 475 556 557 558 

6 11 34 39 64 66 351 453 560 571 



299 305 1401 1410 1821 1822 1823 1824 1825 
507 793 794 853 944 945 946 947 948 949 
122 988 1003 1385 2019 3474 4469 4855 4856 4857 
5653 
1192 2106 2771 3006 3526 3766 5717 5741 5742 5743 
5 46 66 82 84 95 386 463 614 627 
1060 
415 592 1428 2180 2757 3096 6010 6092 6093 6094 

6 61 95 140 387 389 475 493 557 627 
10 82 141 475 561 806 807 808 809 810 
299 573 574 575 576 577 578 579 580 581 


6 32 34 39 81 140 453 493 571 


582 583 584 585 586 587 588 589 

69 458 461 590 591 592 593 594 595 596 

363 1010 1272 1273 1274 1275 1276 1277 1278 1279 










554 592 596 1066 1292 1405 1427 1754 2304 4029 

1326 1413 1642 1727 1911 2143 3340 3410 3634 3930 
80 704 1099 1500 2288 3256 3366 3739 4030 4031 
598 599 600 601 602 603 604 605 606 607 


12 265 384 436 608 609 610 611 612 613 

9 32 39 40 73 81 389 493 571 614 

615 616 617 618 619 620 621 622 623 624 


33 34 36 39 42 44 81 141 453 494 
301 329 1077 1135 1553 1554 1555 1556 1557 
339 552 1551 1718 2278 2741 2751 2752 2753 2754 
233 1013 1139 1185 2499 3107 3108 3109 3110 3111 








444 454 654 1003 3407 3883 4032 4033 4034 4035 





22 34 35 43 44 60 141 493 626 627 
268 641 642 643 644 645 646 647 648 649 
4 650 651 652 653 654 655 656 657 658 

2125 2251 2318 2645 4674 4675 4676 4677 4678 4679 
453 1396 4052 4862 4863 
421 1066 1336 4120 4182 4664 4932 5051 5052 5053 5054 
9 40 63 80 81 141 386 453 964 1170 
756 2573 2772 3336 4734 5224 5251 5457 5458 5459 




143 432 864 1884 1885 1886 1887 1888 1889 1890 
136 1641 1896 1897 1898 1899 1900 1901 1902 1903 



717 1498 1608 1609 1610 1611 1612 1613 1614 









674 793 3630 3631 



179 273 1339 1415 1915 3022 4023 4036 4037 4038 
945 994 2398 2989 3453 3897 4019 4039 4040 4041 
316 660 661 662 663 664 665 666 667 668 








210 326 669 670 671 672 673 674 675 676 








164 678 679 680 681 
293 474 682 683 684 685 
273 512 686 687 688 689 690 691 692 693 
5 43 60 82 95 387 570 694 695 
40 62 79 623 696 697 698 699 700 701 
871 886 1429 1882 1970 2330 2562 2852 4255 4256 


1360 1443 2453 3535 3566 4257 4258 4259 4260 4261 


4042 





8 22 39 64 73 463 475 489 1616 1617 
967 1720 1995 1996 1997 1998 1999 2000 2001 2002 
80 82 561 950 1106 1274 1817 1818 1819 1820 

747 755 756 829 865 1947 2081 3300 4043 4044 

184 317 2854 3146 3410 4045 4046 4047 4048 4049 
5 6 10 11 61 95 477 570 614 
703 704 705 706 707 708 709 710 711 712 
143 514 713 714 715 716 717 718 719 720 


721 722 723 724 725 726 727 728 729 730 

731 732 




991 1280 1281 1282 1283 1284 1285 1286 1287 1288 

80 639 809 1426 2103 2186 3324 3325 3326 3327 

92 442 771 1466 2946 3018 4050 4051 4052 4053 





144 2398 3769 4016 4054 4055 4056 4057 4058 4059 


1129 1214 2513 3194 3492 4060 4061 4062 4063 4064 

25 172 317 2665 3494 3532 4065 4066 4067 4068 




365 734 735 736 737 738 739 740 741 
31 231 538 742 743 744 745 746 












438 466 1489 1490 1491 1492 1493 1494 1495 1496 


10 33 35 38 42 84 141 387 453 557 



219 1354 1394 1849 1949 2028 2501 2592 3539 4069 


300 480 758 759 760 761 762 763 764 




704 759 765 766 767 768 769 770 771 772 
603 773 774 775 776 777 778 779 780 781 


352 1472 1851 2756 2967 2969 3017 3018 3019 3020 
2018 2189 2199 2650 2679 3313 3602 3603 3604 3605 


42 43 73 80 121 140 453 557 638 


32 37 38 44 61 63 66 477 570 614 

4 22 33 36 43 44 83 475 557 571 
4070 
252 363 628 714 1515 1668 1704 2490 2670 3869 
1802 
2700 

4 84 95 476 477 493 570 614 638 
43 660 783 784 785 786 787 788 789 
247 292 293 790 791 792 793 794 795 796 


797 





6 10 36 37 40 44 386 453 557 571 



299 300 742 910 1177 2031 2587 3732 4091 
25 196 383 1002 1331 1466 2767 2911 4029 4092 
114 373 571 799 800 801 802 803 804 805 



369 811 812 813 

139 209 617 820 821 822 823 824 825 826 

225 955 981 1726 1743 1947 2061 2143 3016 3078 


4071 4072 4073 4074 4075 







6 22 43 60 61 63 84 522 4076 4077 
804 1429 2061 2633 2638 3234 4078 4079 4080 


84 95 141 351 386 388 453 477 570 614 


213 713 1022 1535 2555 3861 4081 4082 4083 4084 




584 1473 2617 2618 2619 

2620 




844 1036 1037 1038 1039 1040 1041 1042 1043 1044 



171 1392 1922 1934 2184 2303 2304 2305 2306 
32 42 64 80 140 388 463 557 627 


2307 2308 2309 2310 2311 2312 2313 2314 2315 


53 82 610 1714 1792 2286 3103 3104 3105 3106 
40 410 645 1315 1622 2437 2995 3155 3426 3427 
82 1217 1420 2268 2282 2291 2914 5272 5273 5274 


9 34 36 46 63 96 140 493 557 965 
948 1263 1363 1825 2229 2230 2231 2232 2233 2234 














283 872 873 874 875 876 877 878 879 880 



332 528 1985 2583 2701 2702 2703 2704 2705 2706 


846 879 1821 1850 2191 2205 2970 2971 2972 



27 43 60 84 281 767 1059 2973 2974 2975 

5 38 61 140 475 560 614 882 883 884 
86 583 767 890 891 892 893 894 895 896 


33 37 83 463 476 477 493 614 638 
714 1038 1493 1889 2133 2134 2390 3076 4093 4094 
314 412 870 915 1047 1331 2247 2429 2443 4095 

480 1224 1741 2644 2765 3338 4096 4097 4098 4099 



479 550 1841 2301 2417 4100 4101 4102 4103 4104 



316 898 899 900 901 902 903 904 905 





899 901 906 907 908 909 910 911 






395 422 1213 1450 3841 4112 4113 4114 4115 4116 

9 562 913 914 915 916 917 918 919 920 
193 750 921 922 923 924 925 926 927 928 


922 929 930 931 932 933 934 935 936 937 
122 146 155 481 938 939 940 941 942 943 


102 107 267 306 375 734 950 951 952 



71 1373 1826 2409 2410 2411 2412 2413 2414 2415 
2813 
6 37 43 65 140 141 351 557 560 964 
417 1006 1076 1894 1912 2084 2720 3394 3395 3396 







52 170 704 1570 2286 2525 2867 2989 3841 3842 






4 521 598 618 1823 1896 3046 4105 4106 4107 

33 38 45 65 66 82 386 570 1019 

29 319 864 1001 1275 1303 1353 1359 1539 1848 2089 2281 2288 2365 2366 2367 2368 2369 


10 22 43 80 81 83 84 140 464 964 
55 144 368 1470 1989 2614 3028 4108 4109 4110 
4111 

954 955 956 957 958 959 960 961 962 963 








8 9 22 32 40 66 614 964 965 
433 493 966 967 968 969 970 971 972 973 
5 37 43 83 95 355 387 475 614 

32 33 65 80 82 96 463 476 561 570 


24 292 293 761 796 1479 1483 1649 2083 2433 2618 3327 3348 
10 32 40 43 84 140 477 557 561 964 


4 8 9 34 35 40 43 80 96 351 
757 975 976 977 978 979 980 981 982 983 

873 984 
87 983 985 986 987 988 989 990 991 992 

368 931 993 994 995 996 997 998 999 1000 

1001 1002 1003 1004 1005 1006 1007 1008 1009 1010 



16 769 935 1084 1085 1086 1087 1088 1089 1090 
968 1280 1601 2053 2054 2055 2056 2057 2058 2059 
33 60 65 83 85 95 476 493 627 



176 336 418 480 582 1180 1741 4117 4118 




77 411 668 1683 2735 3739 3740 3741 3742 3743 







164 584 815 1754 3769 4119 4120 4121 4122 4123 
34 37 38 43 60 81 83 95 386 463 
1214 1240 2050 2438 3172 




773 921 944 1012 1013 1014 1015 1016 1017 1018 



1020 




1108 1702 2149 3578 3706 4124 4125 4126 4127 4128 
122 404 836 1022 1023 1024 1025 1026 1027 1028 


27 331 729 812 1030 1031 1032 1033 1034 1035 
9 363 771 1045 1046 1047 1048 1049 1050 1051 






298 1365 1996 3959 4015 4129 4130 4131 4132 4133 



16 266 862 1217 1741 2497 2498 2499 2500 2501 

29 243 299 825 1868 1962 2620 4138 4139 4140 
319 1062 1253 2914 3355 3431 4141 4142 4143 4144 

1050 1078 1100 1103 1562 3177 3592 3714 4145 4146 


4147 





993 1329 1988 2115 2456 3926 4134 4135 4136 4137 

209 379 1053 1054 1055 1056 1057 1058 1059 


458 883 1060 1061 1062 1063 1064 1065 1066 
330 402 555 747 1067 1068 1069 1070 1071 1072 


5 6 8 38 351 388 453 1038 1073 1074 



134 337 935 936 1079 2722 2893 3702 3808 3809 
983 1293 2399 2572 2855 2987 3535 4148 4149 4150 
35 60 80 83 84 471 477 571 2171 3928 



5009 
370 1410 1946 2235 2708 3963 4124 4381 4659 5259 

852 1242 2464 2636 3752 4366 4804 5260 5261 5262 


301 985 1076 1077 1078 1079 1080 1081 1082 1083 

33 37 43 46 65 463 561 570 694 965 
1091 
35 40 44 46 63 140 355 557 614 

255 275 1099 1100 1101 1102 1103 1104 1105 1106 
353 1107 1108 1109 1110 1111 1112 1113 1114 
694 966 1008 1027 1115 1116 1117 1118 1119 1120 
966 1060 1157 1158 1159 1160 1161 1162 1163 1164 

644 1274 1469 3578 3665 3666 3667 3668 3669 3670 
3526 3950 4148 4151 4152 4153 4154 4155 4156 4157 

11 32 34 42 387 388 453 614 964 965 

126 561 870 1823 1880 1881 1882 2162 2241 2242 



814 1850 2152 



60 83 84 97 121 355 388 475 561 614 
6 8 61 83 95 351 387 388 453 

294 517 865 1283 1718 2222 3055 3056 3057 
561 926 962 1477 2225 2587 3273 4158 4159 4160 
96 255 267 423 1102 1800 1825 2057 4161 4162 

325 820 1192 1319 1561 2430 2845 2922 3960 
524 1428 1429 1430 1431 1432 1433 1434 1435 
37 65 83 97 561 614 694 1022 2179 2180 

4163 


40 647 1119 2085 2478 2505 4164 4165 4166 4167 
196 509 1186 2640 3209 3476 4168 4169 4170 

352 577 643 872 1234 2432 3578 3579 3580 

380 595 1610 1725 3273 3531 4204 4205 4206 

4207 

202 422 1127 1128 1129 1130 1131 1132 1133 1134 
1135 1136 1137 1138 1139 1140 1141 1142 1143 1144 


50 468 1145 1146 1147 1148 1149 1150 1151 1152 
1515 1997 2247 2416 2417 2418 2419 2420 2421 

385 690 2026 2200 2919 2939 4171 4172 4173 4174 


38 65 83 85 95 141 351 387 453 476 
4 32 35 38 39 81 82 83 96 476 
442 1766 2564 2878 3283 4175 4176 4177 4178 4179 
615 622 1097 1152 1641 1642 1643 1644 1645 1646 

51 790 2081 2087 2295 2840 2841 2842 2843 

1060 1094 1662 4190 4191 4192 4193 4194 4195 4196 

570 801 1127 1629 2121 3107 3136 3556 3654 3907 
2959 4052 4146 4197 4198 4199 4200 4201 4202 
3316 4203 



721 1593 1947 2129 2186 2582 4208 4209 4210 
140 935 1146 1203 1548 2182 2877 3842 3979 4211 


534 578 936 948 1662 1677 2288 2298 2948 4212 
1197 1236 1391 1393 1470 2519 2818 2881 3886 
227 394 405 1073 1154 1155 


4 38 44 60 61 65 83 95 386 614 
5 8 10 38 65 83 351 387 560 570 
186 769 785 959 1068 1165 1166 1167 1168 1169 



33 43 81 85 97 386 389 477 1170 
1171 
757 873 1172 1173 1174 1175 1176 1177 1178 
1091 1400 1773 2447 3202 3676 4180 4181 4182 4183 


25 1677 3921 3948 4184 4185 4186 4187 4188 4189 

642 790 1428 2267 2540 2640 2704 3910 4213 4214 

1990 2069 2102 2558 2559 2560 2561 2562 2563 2564 
28 181 852 988 1085 2019 2867 2868 

881 1473 1679 2869 2870 2871 2872 2873 2874 2875 
517 782 1076 1799 1894 2020 2403 2876 2877 2878 
38 39 43 80 82 85 476 477 964 1170 

120 912 1180 1181 1182 1183 1184 1185 1186 1187 
308 1188 1189 1190 1191 1192 1193 1194 1195 1196 


113 752 773 1197 1198 1199 1200 1201 1202 1203 
433 468 1187 1204 1205 1206 1207 1208 1209 1210 
252 355 1211 1212 1213 1214 1215 1216 

1034 1217 1218 1219 1220 1221 1222 1223 1224 1225 
326 2472 2473 
454 1091 2730 3021 3676 4181 4182 4215 4216 4217 

164 231 528 643 1572 1641 1963 1965 4218 
2638 

5 6 32 36 40 64 73 140 463 627 
2028 2074 2275 2385 2890 3003 3721 4097 4219 
225 270 715 1039 1996 2063 3016 4019 4220 4221 





209 248 249 653 1169 2461 2892 3195 3579 3691 


123 
570 1720 2317 2602 3679 3803 4225 4229 4230 4231 
1024 2006 2505 3404 4232 
145 1025 1206 1839 2012 4233 4234 4235 4236 4237 

245 4238 4239 4240 
13 1272 1515 1944 2154 2155 2156 2157 2158 2159 
287 1194 1259 2156 2373 3573 3574 3575 3576 3577 



137 164 173 739 1367 4219 4222 4223 4224 
1867 1868 1869 1870 1871 1872 1873 1874 1875 1876 
2243 

1025 1225 1415 2090 2124 2581 3052 3092 3093 3094 

1247 2484 2683 2808 2820 3652 3653 3654 3655 3656 

739 1367 1368 2136 4225 4226 4227 4228 

39 60 63 84 85 96 387 463 475 1170 
439 1234 1235 1236 1237 1238 1239 1240 1241 1242 





43 268 1243 1244 1245 1246 1247 1248 1249 1250 


678 863 1382 1490 2884 2965 3261 4112 4250 4251 


481 665 1194 1350 1780 3355 4252 4253 4254 



517 959 1606 2366 2427 2428 2429 2430 2431 2432 
6 36 37 40 42 81 83 84 453 464 
433 1112 1756 3858 4241 4242 4243 4244 4245 4246 
361 425 1524 1986 2110 2211 2501 3345 4247 
764 1115 1263 1502 1624 1947 2297 3003 4248 4249 



1252 1253 1254 1255 1256 1257 1258 1259 1260 1261 

33 36 38 60 84 387 388 463 475 477 




245 
713 767 1262 1263 

4 36 61 63 95 387 389 475 493 614 
437 643 767 1200 1275 1963 2030 2844 2845 2846 
77 481 859 1275 1608 1637 2790 3318 4086 4262 
582 713 890 1265 1266 1267 1268 1269 1270 1271 
1289 
25 84 576 686 1003 1290 1291 1292 1293 
372 1144 1294 1295 1296 1297 1298 1299 1300 1301 

235 1302 1303 1304 1305 1306 1307 1308 



2902 
817 1375 2153 3016 3060 3675 3676 3677 3678 3679 



36 37 39 60 81 95 386 475 476 570 

1727 1823 2029 2073 2074 2075 2076 2077 2078 2079 
51 968 1490 2185 2213 2948 3752 3845 3862 4341 











335 389 1597 2334 2531 2532 2533 2534 2535 2536 

76 362 985 1443 1489 1702 1798 1884 2206 2496 
4 5 38 43 73 97 387 463 965 






4 409 463 570 1024 1594 1835 2859 2877 3301 




219 537 693 899 901 907 1913 1944 4302 
9 38 40 80 387 463 464 476 477 964 


76 437 778 1856 2800 4171 4263 4264 4265 

2275 2669 3878 3975 4266 
56 221 1311 1314 1731 1976 3272 4083 4267 4268 







37 80 82 95 97 355 363 463 819 1780 




62 352 481 492 1235 1880 3094 4269 4270 4271 




9 32 34 41 44 61 65 84 387 463 
266 305 954 1240 1879 1880 1881 1882 1883 
1115 1336 1337 1338 1339 1340 1341 1342 1343 1344 

13 928 1171 1345 1346 1347 1348 1349 1350 1351 
864 1131 1352 1353 1354 1355 1356 1357 1358 1359 
76 1360 1361 1362 1363 
5 6 8 33 42 351 388 389 453 614 
33 

406 1364 1365 
518 576 795 1220 1366 1367 1368 1369 1370 1371 
73 622 1131 1396 1763 2467 2620 3159 3160 3161 




178 481 1112 2715 2826 2968 3506 4021 4272 4273 




9 29 225 305 893 2365 2368 3505 
324 384 725 1121 2581 2760 4274 4275 4276 4277 


443 444 653 817 1392 1470 4205 4278 4279 4280 
171 179 933 1211 1491 2644 3064 3065 3066 



135 293 499 744 768 2644 2645 2646 2647 
796 961 969 1812 2753 3866 4316 4317 4318 4319 

430 513 846 1204 1217 1962 1976 2371 3272 3273 

1087 1350 1443 1985 2066 3649 3862 4284 4285 4286 


547 967 1373 1374 1375 1376 1377 1378 1379 1380 
871 1132 1315 1381 1382 1383 1384 1385 1386 1387 





34 130 171 351 384 453 715 1388 1389 1390 
5 42 61 81 95 140 494 571 614 

65 66 83 85 141 351 453 475 476 557 
52 226 583 1382 1385 3018 3294 3482 4221 


636 1286 1835 2379 3035 5583 5584 5585 5586 5587 

221 454 707 1002 1091 1218 2237 2238 2239 2240 

2869 4281 4282 4283 
164 708 1366 1392 1393 1394 1395 1396 1397 




408 813 942 1398 1399 



1401 1402 1403 1404 1405 1406 1407 1408 1409 1410 







1411 1412 1413 1414 1415 






330 1189 1429 1489 2374 3509 3876 3893 4287 4288 
167 265 290 539 1107 1417 1418 1419 1420 1421 


133 437 540 1436 1437 1438 1439 1440 1441 1442 


65 533 1401 2268 2910 2911 2912 2913 2914 
9 10 22 32 34 81 84 464 494 964 
4 33 36 37 44 83 84 85 661 1170 





10 364 1265 1531 1541 1799 2531 2538 3537 3979 
31 364 1908 3502 4409 
464 795 1590 2639 2954 3539 4535 4593 4685 5320 







159 379 1029 1353 1859 1966 3078 4305 4306 4307 
453 496 819 983 1177 1293 1443 1865 4308 4309 

1352 1444 1445 1446 1447 1448 1449 1450 1451 1452 
1453 1454 1455 1456 1457 1458 1459 1460 1461 1462 
1068 1180 1224 1463 1464 1465 1466 1467 1468 
5 39 60 95 353 386 491 560 639 1334 

1469 
531 1058 1470 1471 1472 1473 1474 1475 1476 1477 
9 32 35 37 39 65 80 351 386 453 


183 326 632 932 1171 1891 2853 4289 4290 4291 
34 35 42 64 97 140 355 464 627 
852 

1952 


97 125 739 2081 2185 2222 2655 2988 3460 4014 
150 367 1281 1293 1489 1537 1666 1667 4292 4293 
388 2274 2279 2485 2626 3166 3307 4217 4294 4295 
4 33 37 65 66 82 84 1383 1508 
1961 
299 1258 1572 1967 1968 1969 1970 1971 1972 1973 
86 1067 1896 2165 2390 2420 2578 2592 2593 2594 

6 1863 2296 2297 2326 2813 4075 4265 4296 4297 

1558 1559 
35 42 60 140 141 477 561 1643 3028 3029 


258 430 3180 3639 4310 



24 747 761 1479 1480 1481 1482 1483 1484 1485 
50 52 174 444 864 1123 1319 1486 1487 1488 



47 599 1145 1224 1246 1269 1497 1498 1499 1500 


347 660 1412 1489 1788 2634 4298 4299 4300 4301 
4 36 60 83 121 355 475 493 614 627 

825 2257 2258 2259 
6 8 35 37 38 43 80 96 463 557 









126 291 1028 1114 1472 1847 2417 4303 4304 
285 481 1408 1463 1502 1503 1504 1505 1506 1507 
221 367 860 


4 38 39 80 84 464 475 494 570 964 
6 38 42 95 141 351 387 389 453 464 


454 851 870 1352 1393 1510 1511 1512 1513 1514 
70 394 481 678 790 1411 1515 1516 1517 1518 






2005 
4 38 43 61 65 83 84 85 388 389 
50 1083 1520 1521 1522 1523 1524 1525 1526 1527 



117 422 465 1024 1528 1529 1530 1531 1532 1533 




599 1243 1582 1641 1657 1658 1659 1660 1661 1662 
367 765 785 1281 1663 1664 1665 1666 1667 1668 
4 1222 1669 1670 1671 1672 1673 1674 1675 1676 
1677 
713 829 1214 1303 1331 1678 1679 1680 1681 1682 

218 1535 
214 686 1536 1537 1538 1539 1540 1541 1542 1543 1544 1545 1546 











73 291 608 802 1470 1548 1549 1550 1551 1552 


1365 1381 1560 1561 1562 1563 1564 1565 1566 1567 

1568 
131 147 1224 1500 1601 1636 1637 1638 1639 1640 
782 1647 
35 40 64 121 464 476 493 614 627 

1436 1648 1649 1650 1651 1652 1653 1654 1655 1656 




1565 1620 2941 3568 4290 4311 4312 4313 4314 4315 

6 22 63 80 81 140 351 453 464 557 

54 479 659 1232 1909 2176 2177 3766 4168 4320 
1965 2148 2890 3080 3688 3943 4321 4322 4323 4324 

1570 1571 1572 1573 1574 1575 1576 1577 1578 1579 



705 994 1580 


1524 1581 1582 1583 1584 1585 1586 1587 1588 1589 


422 499 720 941 1056 1348 1590 1591 1592 1593 

113 496 838 3738 4325 
797 845 1947 2133 3714 3940 4052 4245 4326 4327 



202 208 595 893 1867 2790 2832 4328 4329 4330 







643 922 1416 1595 1596 1597 1598 1599 1600 


852 946 1151 1601 1602 1603 1604 1605 1606 1607 
3 5 65 353 488 492 493 638 643 1334 



1282 2448 2449 2450 





90 630 1563 1799 2790 3314 3315 3316 3317 3318 


119 698 851 1470 2071 2389 2574 4170 4845 4846 


51 347 915 2259 2337 2443 5451 5452 5453 
33 60 61 63 65 66 388 476 477 694 


33 47 317 608 1302 1619 2039 2040 2041 2042 
326 1029 1406 2043 2044 2045 2046 2047 2048 2049 

122 1174 1987 2141 2142 2143 2144 2145 2146 2147 
617 1101 1626 1793 2148 2149 2150 2151 2152 2153 
1029 1624 1625 1626 1627 1628 1629 1630 1631 1632 


628 1633 1634 1635 










79 497 583 859 1234 2032 2118 2119 2120 2121 2122 2123 2124 2125 


852 868 1217 1365 1416 2043 3033 4168 4331 4332 
852 993 1683 
47 161 424 820 932 1799 2191 2440 2441 2442 

457 1302 1929 2244 4175 4398 4560 4561 4562 4563 

1726 1957 2191 3166 3559 4436 5345 5346 5347 5348 

105 515 1340 1642 2474 3516 3703 3704 3705 

143 418 2472 4168 4193 4302 4386 4579 4750 4751 
1982 2182 2318 2799 2803 2805 3081 4535 5615 

42 46 61 82 83 95 387 388 464 475 

733 1080 1959 2941 3980 4942 5785 5786 5787 5788 


222 618 788 884 1636 3381 3382 3383 3384 3385 






56 67 473 632 1546 2843 3566 4335 4336 4337 
225 1823 1927 2064 2326 2848 3916 4338 4339 4340 


1139 1521 1773 2296 2297 2298 2299 2300 2301 2302 
821 2923 2924 2925 2926 2927 2928 2929 2930 2931 
1247 
481 875 1035 2142 2212 2655 2813 3359 3643 3644 





829 1498 1768 1944 1945 1946 1947 1948 1949 1950 
451 1310 1556 2490 2951 3571 3743 3744 3745 3746 

87 


1685 1686 1687 1688 1689 1690 1691 1692 1693 1694 










714 906 1343 1531 1627 1696 1697 1698 1699 1700 



9 32 33 39 40 43 61 387 571 964 
14 356 395 848 1701 1702 1703 1704 1705 1706 
87 1799 2578 2579 2580 2581 2582 2583 2584 





178 820 1204 1708 1709 1710 1711 1712 1713 
390 
349 1048 1091 1262 1714 1715 1716 1717 1718 1719 
540 852 859 1009 1470 1720 1721 1722 1723 1724 
1152 1454 1725 1726 1727 1728 1729 1730 1731 




169 444 2100 3081 4351 


438 936 1548 1573 3101 3568 3930 4352 4353 4354 
60 141 525 633 1240 1424 2007 2009 2013 2014 


9 528 915 1466 2162 2723 4342 4343 4344 


3 4 9 36 48 61 352 453 4345 4346 

73 388 475 477 493 561 570 614 638 694 
6 35 46 140 351 389 557 570 614 627 
753 
137 
748 1045 1733 1734 1735 1736 1737 1738 1739 1740 


291 907 1035 1231 1240 1261 1416 1741 1742 1743 







291 2369 2772 3118 3847 4347 4348 4349 4350 
10 22 42 43 61 386 493 522 557 1745 

95 102 375 1291 1333 1859 2790 3172 3173 3174 
338 1057 1068 1321 3130 3175 3176 3177 3178 
22 46 64 85 97 140 387 464 477 557 
33 36 37 65 80 83 96 570 571 3179 

71 929 1145 1752 1753 
96 481 982 1754 1755 1756 1757 1758 1759 1760 
83 1099 1256 1418 1761 1762 1763 1764 1765 1766 





4 37 39 43 46 65 388 453 464 3356 

1290 1826 1827 1828 1829 1830 1831 1832 1833 1834 

456 1358 1538 1949 2026 2027 2028 2029 2030 2031 


647 1105 1183 1313 2032 2033 2034 2035 2036 2037 
142 1294 1419 1463 1657 1768 1769 1770 1771 





852 1214 1250 1945 2159 2224 2225 2226 2227 2228 
44 88 123 557 981 1475 1788 2080 2235 2236 

1573 

1779 
744 797 1028 1780 1781 


10 35 41 42 61 66 95 140 560 
740 1683 1784 1785 1786 1787 1788 1789 1790 1791 




40 493 824 1187 1792 1793 1794 1795 1796 1797 

1492 1605 1716 1798 1799 1800 1801 1802 1803 1804 
128 179 245 494 825 1805 1806 1807 1808 1809 
494 832 873 889 983 1987 1988 1989 1990 1991 
1056 2018 2999 3000 3001 



616 1029 1449 1594 1618 1848 2467 2537 4355 4356 


426 503 1296 2638 3050 3051 3052 3053 3054 

328 373 599 960 1396 1938 2196 2950 3283 3893 



26 694 750 1345 1557 2033 3154 3155 3156 



466 696 1029 1513 1811 1812 1813 1814 1815 1816 






170 202 455 662 1364 1506 2636 2637 2638 2639 
285 1657 1908 2143 2181 3557 3779 3780 3781 3782 
416 3863 4171 4357 4358 
137 369 880 1028 1186 1598 3014 4359 4360 4361 

520 1479 2195 3442 3777 4144 4310 4362 4363 4364 


81 606 1742 2247 2643 4185 4365 4366 4367 4368 









897 1046 1836 1837 1838 1839 1840 1841 1842 1843 
22 42 55 65 439 1745 1844 1845 1846 1847 
319 945 983 1328 1848 1849 1850 1851 1852 

148 171 304 360 888 1114 1351 1853 1854 1855 

307 969 1856 1857 1858 1859 1860 1861 1862 1863 



25 431 1489 1630 2394 3211 3724 3725 3726 3727 
203 246 796 852 3275 3728 3729 3730 3731 3732 









609 1292 1393 1394 1402 1626 2167 2741 2742 2743 



4369 
171 219 910 4370 
1019 1468 1856 4263 4264 4322 4371 4372 4373 

1204 1217 1848 1865 1866 





4347 

8 35 36 42 44 80 351 388 389 464 
1039 1124 1431 2111 2649 4318 4385 4386 4387 4388 



141 352 488 489 493 560 638 639 1334 1878 
103 1088 1217 1548 1726 1891 1892 1893 1894 1895 

877 1427 2191 2325 3066 4374 4375 4376 4377 


504 1426 2060 3631 4130 4378 4379 4380 4381 4382 
306 1473 1630 2874 3024 3192 3193 3194 3195 
576 1095 1896 2152 2808 3365 3366 3367 3368 3369 
77 748 964 1420 1506 1850 2581 3762 3850 4026 

51 1780 2111 2112 2724 2767 4150 4383 4384 


1308 1649 1894 2400 2413 2549 2550 2551 2552 2553 
283 494 1450 3332 3440 
305 
148 934 938 1049 1465 3172 3484 3715 4389 4390 


344 389 401 609 1202 1239 1262 1487 1537 1594 3109 3405 3567 4048 4332 4391 4392 4393 4394 4395 4396 4397 
138 1394 2293 2777 2914 3605 4311 4398 4399 4400 

739 1368 1937 1940 1962 1966 3694 4223 



12 423 1501 1507 1905 1906 1907 1908 1909 1910 

525 618 820 1849 1905 1919 1920 1921 1922 
763 964 1923 1924 1925 1926 1927 1928 1929 1930 
1931 1932 1933 
138 420 1934 1935 1936 1937 1938 1939 1940 1941 


266 454 694 1882 1913 3060 3452 4066 4405 
155 946 1032 1671 2908 3213 3358 3377 4406 4407 


35 453 988 2016 2017 3973 4408 4409 4410 4411 
285 456 960 1283 1535 1637 2514 3321 4412 4413 

5 95 97 355 387 453 475 476 477 570 
216 374 817 1362 1489 2247 2831 3122 4401 4402 


3372 
33 38 63 83 387 388 476 477 561 965 
14 714 848 1205 2667 3030 3423 3424 3425 

4403 
10 22 38 351 475 476 493 557 570 

33 34 39 43 81 453 596 783 2818 4404 




2473 



583 4414 


705 710 721 922 945 994 1001 1573 1678 1943 




196 1679 2813 3299 3763 3889 4415 4416 



34 35 39 43 44 60 85 96 141 476 

6 22 38 61 66 82 141 476 477 694 


170 1444 1464 1465 1636 1957 1958 1959 1960 
5 6 9 39 40 42 140 355 389 557 

170 299 739 1368 1962 1963 1964 1965 1966 
299 


705 748 1005 1610 2412 3167 3168 3169 3170 3171 
47 327 453 983 1293 1988 2249 3075 3181 3182 
1319 2209 2618 3727 4416 4417 4418 4419 4420 
495 750 1462 2004 2161 2281 3935 4168 4421 4422 
4 33 44 60 65 81 83 95 387 614 
181 455 852 2019 2137 2927 4185 4305 4628 5036 
107 120 299 811 1947 2518 3139 3454 5061 5062 
4956 
22 35 61 81 351 355 453 464 494 964 
1238 

198 358 962 1792 1975 1976 1977 1978 1979 1980 


458 781 1602 1785 1981 1982 1983 1984 1985 1986 

375 750 765 1116 1633 1737 1853 1992 1993 1994 


36 42 44 49 97 453 478 557 1878 2903 


570 2050 2428 3567 3630 4030 4256 4423 4424 4425 

1991 







335 618 1605 2003 2004 2005 2006 2007 

2008 2009 2010 2011 2012 
121 628 1035 1570 1677 2015 2016 2017 2018 2019 
314 367 1329 1454 2020 2021 2022 2023 2024 2025 



528 650 1328 2334 2634 3847 4426 4427 
3713 

4428 
383 750 1024 1542 2422 2967 3016 3184 4429 4430 
21 167 459 1035 1183 2831 2853 3075 3076 3077 



9 433 1423 1560 2568 4431 4432 4433 4434 4435 
35 351 453 476 558 964 2280 2899 2900 2901 
83 436 1625 2324 2333 2678 2768 3328 3329 3330 
102 660 1272 2013 2834 2901 3196 4463 4464 4465 

147 1200 1283 1313 2364 3271 3508 3858 4466 

408 1234 1813 2537 2557 3758 4263 4467 4468 4469 
1134 1285 1436 2294 2358 3153 4436 4437 4438 4439 
11 46 48 84 351 386 489 491 560 4440 
514 2438 2716 3038 3125 3502 4278 4416 4441 
123 246 480 1024 2446 2660 3057 3099 3469 4010 
4355 
299 1214 1240 2643 2855 3081 3316 3514 3872 3991 



5 32 42 66 141 351 387 388 560 965 



9 32 33 39 44 61 62 65 80 463 


225 

6 36 41 45 46 64 352 490 627 643 


164 390 584 722 1547 1552 1606 2050 2051 2052 

4 348 522 552 1430 1865 2330 3109 3211 3212 


113 690 1206 1521 2277 3283 4165 4454 4455 4456 
598 841 1406 2505 2562 3018 4457 4458 

9 22 42 73 96 121 140 141 388 557 



73 305 317 425 1119 1802 2060 2061 2062 2063 
1730 2064 2065 2066 2067 2068 2069 2070 2071 2072 


18 324 931 1463 2052 2080 2081 2082 2083 2084 

2085 


342 539 1987 2110 2363 3362 4168 4325 4448 4449 
4 33 37 44 82 97 463 475 571 964 


196 896 1531 2322 3245 3314 4442 4443 4444 4445 


331 409 1116 1363 2306 2476 2591 4335 4446 4447 
3322 
4 33 38 39 60 85 348 437 570 3789 





352 1349 1808 2705 3958 4130 4450 4451 4452 4453 

2162 

217 363 811 2006 2953 3137 3138 3139 3140 3141 
52 103 868 1216 1284 1573 1742 1884 3561 3562 


417 422 724 2164 3628 4263 4582 4583 4584 4585 
827 
497 531 930 964 2088 2089 2090 2091 2092 2093 







562 1217 1222 1493 1882 2463 2978 3078 3363 4245 
681 1453 1526 2754 2954 2969 4124 4459 4460 4461 

647 1104 1432 1764 1897 3694 4059 4226 4240 4462 
903 923 1772 2100 2101 2102 2103 2104 2105 2106 







953 1271 1291 1292 1402 1405 1798 2108 2109 2110 

434 825 1325 2111 2112 2113 2114 2115 2116 2117 

5 33 80 95 476 570 1794 3774 3775 
51 586 1381 1385 2121 2293 2821 3776 3777 3778 




32 39 40 81 84 96 141 571 661 1170 
142 219 266 848 1280 1547 1841 2056 2126 2127 



302 781 945 1771 2128 2129 2130 2131 2132 2133 


146 1466 1728 2134 2135 2136 2137 2138 2139 2140 






96 764 767 1477 2477 2710 3753 4470 4471 4472 
4 9 37 44 84 95 96 386 561 571 
6 8 39 41 42 45 49 63 492 522 
180 316 506 638 1354 1703 1952 3084 5327 5545 


96 438 1226 1644 2869 3297 4681 4915 5781 

44 102 496 1368 1977 2269 4293 4819 5845 
908 1099 1648 1787 2853 2854 2855 2856 2857 2858 



90 102 1352 1489 2552 2986 3187 3542 4473 4474 



510 546 1615 1947 2571 2842 2996 2997 2998 

1977 

90 1247 1330 1412 1650 2371 3002 3003 3004 3005 


5 35 95 121 351 389 627 695 965 2160 



765 1027 1489 2148 2245 2246 2247 2248 2249 2250 
548 790 931 1061 2162 2163 2164 2165 2166 




22 33 36 42 43 44 47 489 560 1745 

1379 




291 523 1235 1325 1579 1952 2331 2332 2333 2334 
600 1071 2433 2605 2877 3284 3766 4105 4477 4478 

8 9 34 40 95 96 97 141 464 571 
5 37 61 83 95 97 386 387 476 627 


164 713 881 970 981 2181 2182 2183 2184 2185 

9 32 34 35 36 38 39 63 80 571 
305 952 1487 3543 3544 3545 3546 3547 3548 3549 

16 63 367 743 880 993 1090 1428 1967 2705 
498 1085 1828 2187 2188 2189 2190 2191 2192 2193 


645 707 851 1785 2194 2195 2196 2197 2198 2199 

597 1143 1267 1753 2205 2206 2207 2208 2209 2210 
206 539 1116 1661 2211 2212 2213 2214 2215 2216 
532 1792 2128 2217 2218 2219 2220 2221 2222 2223 





70 123 1471 1611 2115 2619 2925 4319 4475 4476 
370 517 714 1184 2162 2253 2403 3007 3008 3009 












9 10 33 34 63 84 453 571 964 4483 


6 9 39 40 42 80 84 351 571 1170 

744 2725 





3058 




870 

2474 4038 4479 4480 








2244 


1390 
546 1533 1615 2111 2121 2158 2619 4484 4485 
54 584 1086 1207 2006 2251 2252 2253 2254 2255 

1727 2256 






2655 3184 4486 4487 4488 
3587 



1079 1247 1266 2330 2484 3120 4069 4376 4614 4615 
124 335 828 1626 2261 2262 2263 2264 2265 2266 


1326 1384 1927 2007 2268 2269 2270 2271 2272 2273 

1480 1591 1765 2147 2274 2275 2276 2277 2278 2279 



8 22 37 60 63 65 83 351 464 557 

260 





355 851 1103 1283 1428 1898 2585 4070 4489 

4 6 8 9 36 37 40 140 464 557 
237 977 987 1521 1669 2281 2282 2283 2284 
55 294 638 1561 1784 1952 2292 2293 2294 2295 



2961 
51 730 912 1047 1239 2443 2722 3001 3114 3115 
468 539 714 1353 2133 2151 2214 3150 3940 4494 


37 38 55 82 388 476 477 4495 4496 4497 
265 305 561 922 1833 1896 2015 4373 4498 4499 



9 22 32 34 40 61 388 453 614 964 
6 46 73 82 97 140 464 493 557 
44 614 871 1069 2694 3190 3276 4490 4491 4492 




519 1098 1144 1145 1952 2432 2533 3016 3954 4493 


6 22 66 97 351 387 388 557 559 614 










747 844 1392 1490 1840 1987 2317 2318 2319 

802 1080 1114 1123 1135 1152 1443 2320 2321 2322 

39 43 83 287 561 1121 1422 1622 2648 4500 
4 5 8 22 38 477 560 561 614 661 
133 400 455 2445 2898 4344 4501 4502 4503 4504 
1056 1100 2324 2325 2326 2327 2328 2329 2330 






6 8 37 42 65 82 83 453 475 965 

2335 

990 1057 1325 1812 2109 2336 2337 2338 2339 2340 






121 1085 1219 2342 2343 
152 2061 2344 2345 2346 2347 2348 2349 2350 2351 
143 1725 2276 2352 2353 2354 2355 2356 2357 2358 

65 80 169 189 463 477 570 2382 3560 4510 

496 1232 1233 1602 2855 3062 4511 4512 4513 4514 



947 1176 2124 2320 3335 4375 4515 4516 4517 4518 




37 1066 1675 1715 2519 3118 4505 4506 4507 4508 

418 642 819 1139 1521 2611 4146 4305 4509 
125 151 946 1765 1772 2360 2361 2362 2363 2364 


2370 
627 694 1641 2371 2372 2373 2374 2375 2376 2377 








86 416 1290 1303 1799 2755 3297 3298 3299 3300 


736 1035 1400 2788 4093 4256 4737 5639 5640 
513 1083 2605 3467 4087 4119 4504 4917 5571 5612 

9 137 302 317 913 924 1623 2379 2380 2381 
515 1066 1090 1994 2390 2391 2392 2393 2394 2395 
638 863 1073 2336 2396 2397 2398 2399 2400 2401 

18 80 113 140 625 2859 2860 2861 



451 3458 3640 3641 3642 


4 5 82 84 387 463 477 561 965 

246 988 1153 1568 2134 2685 2686 2687 2688 2689 2690 2691 

16 153 260 387 579 643 907 920 1557 1727 1747 2162 2529 2813 2955 4083 4520 4521 4522 4523 4524 4525 4526 4527 4528 4529 4530 4531 




454 804 1485 1535 1680 1763 3060 4058 4505 4519 




69 643 1284 3125 3568 3617 4135 4544 4545 

4 38 43 60 63 82 83 97 386 964 

555 1133 1231 2168 3255 3285 4052 4239 4546 4547 





143 498 1204 1334 1553 1916 2110 2643 4510 4532 
33 35 44 82 83 85 386 387 463 476 
8 46 61 82 95 141 388 389 493 965 



891 1416 2422 2423 2424 


191 1145 1323 1396 3738 4465 4533 4534 4535 4536 

964 
739 773 1014 2433 2434 2435 2436 2437 2438 2439 
9 313 1047 1379 1977 2443 2444 2445 2446 2447 

438 552 927 1073 1734 1908 2709 2853 4092 4537 

468 602 1010 1175 1754 2019 2491 2855 3326 4538 

113 1203 1749 2255 3015 4539 4540 4541 4542 4543 



6 35 39 121 140 351 464 493 571 694 

5 22 40 351 389 493 614 627 965 2160 

304 1303 1618 2232 2268 2914 2992 2993 2994 2995 
32 38 61 63 66 388 476 477 561 570 

607 653 715 1239 1723 2012 2721 2722 2723 2724 
1058 1138 1261 2201 2950 3230 3691 4548 4549 4550 

43 44 81 84 95 97 476 561 614 627 
32 38 43 63 81 84 464 475 571 964 



868 1373 2186 2452 2453 2454 2455 2456 2457 2458 

38 42 65 83 388 475 561 570 965 

143 148 511 598 1500 1658 2213 2459 2460 2461 
9 202 206 211 384 459 1099 1220 1245 1315 1618 1644 1659 1872 1934 1963 2453 2457 2458 2462 2463 2464 2465 2466 2467 
33 37 38 66 95 351 560 614 661 965 

44 582 852 1908 3322 3361 4551 4552 4553 
1095 1535 1788 2211 2709 4512 4554 4555 4556 4557 

218 795 1375 2853 2926 3960 4537 4558 4559 




317 1231 2286 4490 4549 4564 4565 4566 4567 
4 65 141 352 386 476 491 560 638 2469 

2471 

425 473 1238 1524 1583 2474 2475 
402 659 1415 1761 2476 2477 2478 2479 2480 2481 


86 
380 425 962 1197 1602 2211 3581 3582 3583 3584 
879 1213 2070 2216 2325 2954 4242 4568 4569 4570 

44 977 1424 2177 2957 3014 3673 4571 4572 4573 
4 9 34 35 44 63 80 475 476 570 
1036 1295 1951 2080 2483 2484 2485 2486 2487 2488 

178 823 832 1540 2100 2489 2490 2491 2492 2493 2494 2495 
127 141 651 764 1066 1119 2502 2503 2504 2505 









291 1331 3940 4591 4592 4593 
956 1276 1984 2014 2768 3187 3188 3189 3190 3191 

88 422 1164 1951 2182 2386 2586 2590 4574 4575 
305 395 608 1100 1847 3294 4339 4576 4577 4578 

587 975 1866 2029 2527 3025 4510 4579 4580 4581 




326 2092 2507 2508 2509 2510 2511 2512 2513 2514 
136 1328 1677 2515 2516 2517 2518 2519 2520 2521 
2522 

622 976 1258 1341 2503 2523 2524 2525 2526 

481 790 1551 1642 1830 2527 2528 2529 2530 


421 766 1537 2622 2624 2789 2790 2791 2792 2793 

93 960 1214 1235 1515 1542 2955 3209 3930 4586 
38 46 66 83 355 387 388 476 477 626 












110 334 912 1147 1548 2013 2445 2463 3119 3282 
1816 
767 1112 2193 2379 3880 4447 4587 4588 4589 4590 


728 
378 1641 1864 2263 2527 2541 2542 2543 2544 2545 
44 65 81 210 494 824 2274 2546 2547 2548 
32 33 37 61 65 83 85 463 464 559 

208 1150 1177 1536 1797 2946 2956 3303 4760 4761 
596 1801 4554 4556 4939 4940 4941 4942 4943 4944 
231 276 743 1477 1891 3042 5101 5372 5715 5716 



231 291 747 1451 1490 1989 2965 3329 4305 
1050 1329 2110 2111 2562 3081 3810 4594 4595 4596 


578 785 1240 1262 1963 2082 2839 3606 3607 3608 
433 1030 1649 2527 2644 2709 2946 3794 4612 4613 



55 77 479 1490 2033 2074 2722 4597 4598 4599 

397 3166 3571 4600 4601 

230 438 669 4172 4174 4530 4602 4603 4604 4605 

514 1122 1622 1707 4015 4417 4606 4607 4608 4609 
31 38 184 433 561 598 1910 3366 4579 4610 
4611 
643 696 914 1701 2566 2567 2568 2569 2570 2571 





305 1034 2293 2572 2573 2574 2575 2576 2577 
60 61 65 83 95 355 387 389 614 
81 313 317 1108 2440 2619 3436 3437 3438 3439 



52 54 992 1400 1804 1826 2554 2665 4320 
855 868 1328 1755 1850 2301 2595 2596 2597 
1313 1622 1915 2405 2478 2640 2922 4165 4616 






2590 2591 


4 61 64 73 95 121 475 493 570 

336 






246 599 988 2599 2600 2601 2602 2603 2604 2605 

4 9 32 34 35 36 40 96 141 464 


1473 2606 2607 2608 2609 2610 2611 2612 2613 2614 



444 550 1051 3025 3106 3494 3648 3699 4154 4612 
894 1412 

1310 2007 2074 2293 3122 3977 4613 4619 4620 4621 
1987 2390 2501 2614 3631 3963 4622 4623 4624 4625 







203 552 1205 1489 1719 2415 2808 3904 4617 4618 

421 1205 2622 2623 2624 2625 2626 2627 2628 



2430 
844 1325 1512 2629 2630 2631 2632 2633 2634 2635 
4 8 9 22 60 63 84 140 571 964 









40 299 300 541 613 1362 2640 2641 2642 




4 32 34 38 43 44 61 82 85 387 





14 362 549 983 987 989 990 1340 2649 2650 

22 32 33 34 35 36 42 60 141 494 
2489 2593 2652 2653 2654 2655 2656 2657 2658 







774 1409 2660 2661 2662 2663 2664 2665 2666 


262 753 1341 2064 2667 2668 2669 2670 2671 2672 

5 37 60 83 95 386 477 570 614 








60 119 140 292 1483 2674 2675 2676 2677 2678 
370 583 1623 1926 2679 2680 2681 2682 2683 2684 





1132 1152 1331 1743 1996 2412 3409 3433 3940 4626 



705 

89 2692 


2547 

2693 
3195 

599 
5 37 38 43 61 62 65 66 85 614 
97 318 872 1598 2433 2443 2697 2698 2699 2700 
299 372 796 2216 2267 2399 2707 2708 2709 
332 783 1225 1779 2710 2711 2712 2713 2714 2715 
270 597 1213 1479 2678 2716 2717 2718 2719 2720 
22 42 46 73 82 121 140 387 557 614 
190 300 1946 2293 2403 2638 3038 3621 4263 4627 
28 263 3528 4628 





635 717 2471 2566 2825 3902 4638 4639 4640 4641 

22 73 389 453 493 570 1928 3459 4629 
121 1942 2166 2752 3299 4607 4630 4631 4632 4633 
123 361 964 1408 1543 1929 3730 4634 4635 4636 


268 879 901 908 1936 2330 2513 3294 3867 4637 
22 240 351 388 557 1271 1597 2781 4607 4642 
543 964 2295 2698 3560 4168 4643 4644 4645 
3062 3078 3159 4646 4647 
4 34 44 65 80 81 82 83 475 570 
119 164 389 1090 1312 1557 2402 4648 4649 4650 

165 578 1934 1968 3323 3812 3813 3814 3815 3816 3817 3818 3819 3820 3821 3822 3823 3824 3825 3826 3827 3828 3829 3830 3831 3832 3833 3834 3835 3836 3837 3838 3839 3840 
34 39 40 63 351 355 388 453 464 
337 367 1207 1281 3004 3771 3990 4080 4651 4652 

336 445 843 1570 1981 1996 2001 2727 2728 2729 
946 1310 1590 1622 2583 2730 2731 2732 2733 2734 
701 922 2396 2514 2550 2735 2736 2737 2738 2739 

33 953 2141 2731 3961 4474 4575 4653 4654 


456 1137 1612 2272 2279 3902 4615 4655 4656 4657 
653 982 1518 2484 2772 2881 3612 3690 4658 4659 
1641 4660 
5 6 22 34 40 43 80 463 493 
405 507 988 3038 3859 3971 4320 4377 4661 4662 
4 37 46 60 64 83 493 614 638 694 
10 42 61 66 97 140 351 388 614 964 
4 6 9 22 32 42 44 60 63 463 
929 1385 1880 2744 2745 2746 2747 2748 2749 2750 


190 525 1152 1451 3753 3801 3802 3803 3804 3805 







50 719 954 1149 3245 3990 4667 4668 4669 

36 38 60 66 82 83 386 388 463 
901 1536 2756 2757 2758 
100 130 1796 2274 2296 2759 2760 2761 2762 2763 


168 178 275 300 464 1563 1596 2820 4663 4664 
611 1224 1678 1780 2075 2225 2643 4188 4665 4666 



960 2572 2765 2766 2767 2768 2769 2770 2771 
713 1884 2025 2203 2484 2601 2772 2773 2774 
267 295 873 1426 1702 2769 2775 2776 2777 





292 984 1025 2600 2637 4011 4208 5082 5083 5084 
113 434 1177 4355 5059 5133 5134 5135 5136 5137 




2515 2779 2780 2781 2782 2783 2784 2785 2786 2787 


1000 




2788 


319 425 476 1146 1489 1594 2074 2200 2229 3006 
1162 

147 225 645 792 1341 1429 1720 2196 3015 3016 
144 1603 1857 1989 2201 2583 2668 3021 3022 3023 
209 247 248 249 524 828 947 1944 1945 




123 304 505 733 887 1331 1420 1774 1806 1894 1986 2169 2251 2305 3072 3078 3079 3080 3081 3082 3083 3084 3085 3086 3087 3088 3089 3090 3091 
8 9 22 63 80 81 83 96 141 557 
102 595 883 1228 1365 1415 2629 3754 4135 4472 
5 22 140 1864 4609 4632 4670 4671 4672 

1909 2318 2708 3715 4673 

783 925 985 2402 2807 2808 2809 2810 2811 2812 


14 1101 2459 2814 2815 2816 2817 2818 2819 2820 
212 555 629 996 2679 2821 2822 2823 2824 2825 

767 2127 2826 2827 2828 2829 2830 2831 2832 2833 

171 824 982 1208 1445 2614 3161 4531 4713 4714 

232 977 2492 2514 2549 2918 3881 3947 4351 4715 

442 896 2124 2605 4078 4193 4440 4655 4716 4717 



750 752 921 1422 2281 3566 3935 4680 4681 4682 






953 1642 2382 4455 4683 


4 33 38 61 84 95 476 477 570 964 
289 384 899 901 910 1234 1421 3297 4195 4684 
1024 1137 1262 1533 2303 2835 2836 2837 2838 2839 

908 


16 767 
283 668 1713 3054 3095 3096 3097 3098 3099 3100 
408 791 1481 2162 3149 3476 3566 3567 3568 3569 

56 164 632 1908 3295 3452 3844 3862 4119 4685 
10 552 1240 1595 2015 2735 3240 4463 4686 4687 


144 220 600 956 1513 2332 2483 2549 2848 

202 327 948 1410 2141 2142 2382 2850 2851 2852 


106 541 692 2563 2862 2863 2864 2865 2866 
994 1191 1421 1674 3568 4520 4737 4738 4739 

33 1388 1863 2372 2487 3286 3693 5186 5187 5188 


5406 
33 37 40 42 43 44 84 351 463 494 




818 1025 2060 2638 3980 4688 4689 4690 4691 4692 
164 1804 2562 4323 4596 4693 4694 4695 4696 4697 
22 32 33 80 141 386 453 463 464 964 
438 1203 1258 1882 2326 2868 3863 4084 5031 5040 

881 1313 2636 3209 3418 3545 3797 3798 3799 3800 



652 998 1963 2777 2813 2877 3157 3879 4203 4638 


386 861 1481 1598 3061 3375 3660 4698 4699 4700 4701 4702 4703 4704 4705 4706 4707 4708 
1790 2207 2950 4642 4695 4709 4710 4711 4712 

52 397 548 2880 2881 2882 2883 2884 2885 


1427 

438 511 1487 1602 2007 2455 2886 2887 2888 

1722 


578 829 831 946 1532 1533 1805 2371 2890 2891 

652 678 727 771 982 1345 1388 1756 2328 2892 

317 1267 1273 1982 2013 2598 2894 2895 2896 2897 

69 1225 1766 2898 
583 855 2680 2705 2722 


317 594 633 1345 1847 2489 2868 3808 3863 4718 

171 982 1096 1349 2049 2187 2478 2640 3059 4719 


617 975 1817 2637 2905 2906 2907 2908 2909 



1247 
2280 




1028 2430 2915 2916 2917 2918 2919 2920 2921 2922 
523 626 881 1142 1477 1598 3983 4104 4720 4721 





418 
727 1353 3022 4674 4722 4723 
124 487 1851 2406 2853 2932 2933 2934 2935 2936 

268 313 433 713 889 1727 2937 2938 2939 2940 
239 438 948 1927 2709 2932 2941 2942 2943 2944 

432 937 1428 1448 1749 2159 2945 2946 2947 2948 












1055 1206 3799 4145 4724 





126 916 1420 2414 3316 3528 3557 4595 4725 4726 

15 1226 1603 1896 2285 2489 2490 2950 2951 2952 
106 2558 2583 2586 2590 2957 2958 2959 2960 
35 37 43 44 63 84 96 387 453 964 

38 45 265 490 632 1137 1543 2590 4727 4728 
33 46 66 82 130 386 452 476 3074 4671 

1421 1880 2140 2203 3365 3850 4332 4618 4729 4730 
37 44 60 63 81 96 97 561 570 614 



173 409 442 793 822 1982 2460 4567 4732 4733 
351 386 830 1344 1848 2937 2963 2964 2965 2966 


45 124 153 653 953 1341 1472 2967 2968 2969 

33 34 35 37 39 40 41 3028 3254 3255 

1350 1494 2163 2864 3000 3019 3022 3195 3629 

653 1566 1703 2045 2541 3009 3024 3025 3026 3027 



1244 1280 2623 3112 4298 4498 4625 4734 4735 4736 
801 1604 1857 1962 2550 2977 2978 2979 2980 2981 
2005 2518 2982 2983 2984 
10 34 35 60 80 83 84 386 453 463 






40 977 1087 1637 2057 2640 3002 3167 3283 3284 3285 3286 3287 3288 3289 3290 3291 3292 3293 
25 450 1385 1493 2293 4473 4747 4748 4749 






2144 2954 4693 4740 4741 4742 4743 4744 4745 4746 



136 1490 2244 2527 2557 3612 4456 4655 4765 4766 

3 9 63 353 355 453 476 492 638 643 
263 
4762 



317 1078 1895 2613 4752 
170 469 626 1489 1538 1803 2292 3012 3013 3014 

4 9 33 41 43 62 81 475 559 570 




269 622 3244 3535 4595 4722 4753 4754 4755 4756 
297 915 977 1047 1662 1974 2443 2446 3253 4257 




91 1683 1703 1705 2568 2680 3355 3954 4763 4764 







60 80 83 95 561 2179 2402 4757 4758 4759 
598 658 1118 1197 2025 2437 3030 3031 3032 


514 882 2431 3567 3871 3962 3970 4344 4502 4767 

201 290 426 749 897 914 3034 3035 3036 

260 307 374 1197 1740 1900 2284 3037 3038 3039 
436 1127 1216 2529 3040 
2503 3440 3568 4768 4769 
195 207 300 643 921 1002 3050 4168 4770 
147 388 389 2569 2678 2767 4172 4691 4771 4772 
1009 2152 3877 4787 4788 





255 988 1102 1800 2224 2538 2972 3047 3048 3049 


542 642 982 2187 2640 3059 3060 3061 3062 3063 

460 1540 1865 2067 3062 4773 4774 4775 4776 4777 


4 6 8 9 37 60 65 84 141 386 




368 1817 2195 3632 3633 3634 3635 3636 3637 3638 

299 481 1189 1463 1594 1797 4778 4779 4780 

31 230 960 1265 4781 4782 4783 4784 4785 4786 


36 146 277 2379 2695 2813 2845 3067 3068 3069 
1605 
384 1302 1618 2505 3499 3844 3915 4789 4790 4791 

533 1220 1697 2008 2799 2840 3071 3072 3073 3074 



1428 2043 2187 2640 3061 3062 3101 

641 1221 1574 1962 2115 2232 2239 4799 4800 4801 
35 40 42 46 73 96 355 493 627 695 

3 44 61 64 65 80 352 353 492 845 


861 887 931 1109 2163 4575 5071 5607 5608 5609 
308 703 2253 2460 2794 3427 4436 4723 5160 5789 

5895 


22 32 43 46 80 453 557 627 964 


1424 2765 3299 3643 5042 5630 5729 6012 6013 6014 

126 403 958 1540 2037 2495 4054 4792 4793 4794 



31 




38 43 44 61 62 80 387 463 570 

5 6 42 61 66 476 477 557 561 661 

55 614 908 1343 1401 2403 2769 2967 3112 3113 


147 218 1517 2122 3537 4167 4186 4795 4796 4797 
9 22 35 40 84 141 351 453 463 1170 
4798 
6 33 38 66 351 388 453 661 965 
2825 2917 3254 4723 4761 4822 4823 4824 4825 4826 


123 643 695 2081 3117 3118 3119 
1185 1267 1601 2119 3120 3121 3122 3123 3124 3125 
836 844 1811 3126 3127 3128 3129 3130 3131 3132 
90 454 695 1726 1833 3133 3134 3135 3136 


462 616 868 1366 1427 2573 3619 4802 4803 4804 

298 790 883 1557 3355 4786 4805 4806 4807 4808 
268 433 608 695 1021 1393 1394 2052 2876 4809 




195 430 629 1787 2113 2562 4814 4815 


342 
33 46 64 83 97 386 475 477 638 
47 293 426 2226 3346 3532 4329 4810 4811 
137 387 789 1073 1361 2063 2582 3760 4567 
3198 3199 
33 34 36 60 61 65 82 386 570 614 
451 452 1364 1432 1808 2715 3173 3977 4812 4813 
196 589 1137 1307 1780 1847 2129 3704 3748 

479 666 2206 2318 3112 3143 3144 3145 3146 3147 
743 782 1494 2228 3148 3149 3150 3151 3152 3153 




4821 

6 9 39 43 46 121 557 694 964 



1536 1633 1797 1918 2030 2258 2358 2731 3157 3158 
10 40 73 121 140 389 614 627 638 965 

6 40 64 73 82 140 388 477 557 614 
1524 4318 4548 4816 4817 


137 1152 1358 1737 2768 2855 4818 4819 4820 






584 1214 1393 1394 1965 3348 4455 4827 4828 4829 
73 311 950 1648 2761 3632 4830 4831 4832 4833 



967 1515 1816 1952 2242 4250 4518 4622 5511 

715 1608 3306 3307 3308 3309 3310 3311 3312 3313 
468 744 1062 1139 2295 2317 3074 3729 4455 4834 
391 442 840 3870 4368 4665 4835 4836 4837 4838 
843 

32 60 61 81 82 85 388 475 614 661 

480 625 707 1840 2985 3163 3183 3184 3185 3186 







38 66 95 141 387 388 464 476 614 627 
420 814 2282 2574 3026 3562 3626 3653 4649 4839 




1556 
3137 


465 468 836 1504 3201 3202 3203 3204 3205 3206 






154 759 1420 1945 2043 2640 2963 3208 3209 3210 


5 6 22 39 97 351 387 464 557 965 


960 1454 3052 3137 3276 4840 4841 4842 4843 4844 
1104 1481 1485 1623 2054 
3216 

514 1497 3218 3219 3220 3221 3222 3223 3224 3225 










529 632 1356 2682 2853 3046 4562 4743 4847 4848 

10 22 32 33 34 36 41 453 557 571 
578 
4849 



131 184 1363 4190 4850 

415 990 1560 1798 2194 2838 3239 3240 3241 3242 



484 1281 1605 1911 2842 2859 2997 3243 3244 


948 
6 8 22 35 40 141 388 464 557 561 
3248 

464 995 1515 1721 1936 2967 3250 3251 3252 3253 




25 397 1172 1269 3544 3589 4603 4764 4851 4852 
31 40 60 95 453 528 572 3121 4167 4537 
126 1030 1364 1428 1561 3257 3258 3259 3260 3261 





3263 
170 988 1602 1618 1624 2676 3164 3264 3265 3266 
34 37 38 43 60 61 85 95 475 571 

769 1469 1784 2043 2355 3322 4835 4866 4867 4868 
178 652 1002 1204 1367 2363 3268 3269 3270 3271 






4 1395 1404 1427 1865 2417 2537 3012 3275 3276 

296 1191 1489 1573 2395 2447 2840 3277 3278 3279 


365 645 649 1052 1247 1787 3172 4430 4853 4854 

6 10 34 35 40 42 43 63 351 964 


600 908 1141 1382 2542 
316 394 418 541 1086 1896 3149 4194 4769 5168 
33 382 477 840 1370 1375 2372 4840 5593 

37 718 954 2543 2563 3209 4815 5636 5637 5638 
1108 
34 37 65 80 81 84 85 95 463 614 

6171 
88 305 3287 3730 4757 5639 6044 6172 6173 6174 





563 3302 3303 3304 
3305 

496 2597 3578 3954 4226 4532 4591 4858 



268 604 1032 1817 2238 2321 3319 3320 3321 3322 
505 892 1663 1858 2031 2506 3323 
42 62 85 97 140 476 477 557 561 661 





702 1930 2724 3311 3414 3415 3416 3417 3418 3419 



289 907 910 1518 1619 4143 4226 4651 4864 4865 
1269 


1369 2052 2457 3185 4400 4875 4876 4877 4878 4879 
74 1597 2359 3102 3482 4001 4216 4859 4860 4861 
5 10 65 489 1888 2795 4428 4885 4886 4887 
147 1364 1500 2822 2888 3110 3275 3681 3896 4389 



22 38 42 61 65 66 95 561 614 

775 1226 1257 1361 1590 2645 2657 3332 3333 3334 

209 961 1414 2794 3166 3335 3336 3337 3338 3339 





1641 1930 2135 2731 3078 3234 3305 4869 4870 4871 
227 628 934 969 1159 2223 2352 3341 3342 3343 
252 1316 1487 2687 2914 3308 3344 3345 3346 3347 


33 34 39 62 63 84 97 387 561 964 

28 479 885 2735 3662 3761 4713 4872 4873 4874 
2472 
1325 1404 1532 2278 3012 3880 4416 4711 4917 4918 
1596 3350 

397 494 907 1226 1697 1911 2840 3352 3353 

1064 1122 1129 2298 3167 3354 3355 3356 3357 


560 1183 4883 4884 

2568 
16 914 1062 1625 1885 3360 3361 3362 3363 3364 
5 9 40 61 95 97 141 351 559 964 

584 994 1940 1954 2148 2770 2820 3370 3371 


508 790 1127 1197 2944 3295 3584 4880 4881 




381 1226 2187 2715 3737 4272 4302 4481 4675 4882 


188 550 962 1407 1924 3374 3375 3376 3377 3378 


35 36 46 63 81 96 140 351 464 557 
32 36 37 38 62 80 82 463 570 964 
6 9 10 35 41 61 66 97 557 559 
265 290 1337 1381 2009 2073 2965 3071 3294 3380 


293 2841 3386 3387 




2407 
127 920 927 2064 3372 3389 3390 3391 3392 3393 





102 375 1649 2187 2379 2437 3059 3452 3453 3454 
1120 1192 1385 1608 3001 4841 4891 4892 4893 
1272 1603 2080 2294 2429 4809 4894 4895 4896 
119 977 988 1073 1663 1725 1867 3398 3399 3400 
142 487 1075 1327 1803 2187 2646 3401 3402 3403 
1038 1073 1375 3404 3405 


63 172 1352 1669 3266 3662 4888 4889 4890 



2194 
332 2157 3314 3408 3409 3410 3411 3412 3413 


315 394 930 1113 1221 1936 2473 3420 3421 3422 
385 


3470 

742 1799 1813 1962 2633 3012 3663 3885 4897 4898 


1424 1782 2064 2893 3040 3528 4899 4900 





6 61 66 97 389 493 557 561 570 
441 1050 2841 3832 4781 4901 4902 4903 4904 

3429 
336 404 961 2276 2587 3430 3431 3432 
598 614 796 819 1368 2148 4579 4863 4905 4906 
4484 
304 985 2463 2500 3752 3947 3979 4907 4908 4909 
138 1361 1534 1776 1892 2235 2573 2695 3434 3435 

1741 1799 2355 2408 2472 3167 3441 3442 3443 3444 




8 22 40 63 65 80 83 453 464 557 

268 1792 2177 3041 3109 4125 4363 4910 4911 4912 
2224 3184 4164 4913 4914 
494 1202 1847 1936 2591 3189 3433 4386 4915 4916 

358 1579 2344 2791 3394 3447 3448 3449 3450 3451 
82 1064 1193 1524 2422 2916 3007 3194 3354 3455 


614 743 998 2222 2956 3456 

56 632 920 1024 1909 2676 2836 3506 4551 4919 

1030 1373 1489 1702 2104 2215 2676 4920 4921 
417 744 3314 3918 4182 4579 4922 4923 4924 4925 
399 696 704 926 957 1073 2909 5004 5005 5006 
38 65 95 140 560 561 614 965 3458 3459 
1024 1050 1145 2750 2790 3093 3405 3460 3461 

527 1061 1642 1718 2106 2764 4073 4257 4353 5247 
1477 1482 2866 3483 4222 4371 5040 5212 5600 5601 
27 285 437 1643 2251 


45 73 110 351 388 453 464 614 638 

44 62 65 81 82 83 463 476 965 


231 481 866 1187 1225 1912 1914 3259 3471 3472 
33 36 37 43 80 81 82 96 475 964 

189 851 1062 1664 3474 3475 3476 3477 3478 3479 
272 335 438 444 628 643 738 827 914 1022 1038 1254 1469 1728 1851 1940 2155 2180 2182 2251 2538 2581 2638 2698 2704 3002 3425 3480 3481 3482 3483 3484 3485 3486 3487 3488 3489 3490 3491 3492 3493 3494 3495 3496 3497 3498 3499 
4 6 8 9 65 80 96 141 463 557 


655 










268 368 618 1177 2948 4175 4850 4926 4927 4928 
1103 1330 2529 3202 4196 
4929 
492 1328 4930 

40 382 785 843 2159 2505 3002 3587 4644 4659 





3501 

480 584 930 1523 1879 2060 3434 3503 3504 3505 

1225 1636 2665 2816 2825 3107 3506 3507 3508 3509 
3510 


1113 1292 1947 1968 2551 2717 3506 3507 4931 4932 4933 4934 4935 4936 


668 913 1273 1817 3512 3513 3514 3515 3516 3517 

62 1952 2723 3518 3519 3520 3521 3522 



390 1731 2401 2632 3061 3523 3524 3525 3526 3527 






1847 2159 2869 3058 3375 3521 3808 4718 4937 4938 
10 22 35 40 61 73 82 388 389 557 


531 868 1005 1119 1443 2134 3467 4945 4946 

8 9 84 140 494 557 1677 3102 4725 4947 
203 204 260 541 1129 1609 1792 1962 2151 3442 







1361 1720 2472 4138 4386 4407 4531 4948 4949 4950 
80 614 937 1632 2178 2562 3125 3400 4951 4952 
268 1206 1533 1662 1914 4338 4953 4954 4955 
721 1356 1606 3420 4956 

618 
1135 2636 2707 2772 3209 3418 3799 4479 4959 
985 1077 1080 1097 1098 1152 3081 3316 4804 4834 



104 
3552 
144 368 753 1416 1513 2894 3553 3554 3555 3556 



74 367 542 1238 1485 3312 3880 4957 4958 
1109 1590 2082 2566 2569 2629 3187 3558 3559 3560 


365 647 744 1171 1908 2016 2656 2704 3563 
32 33 34 43 81 84 475 477 571 614 


3565 
5 8 35 40 66 493 557 614 964 



1386 
113 189 1116 1212 1703 1923 2599 3425 3571 3572 

10 34 35 39 351 388 493 557 571 964 



4 37 39 42 43 44 65 141 453 4168 
184 1093 1629 1779 1831 2239 2411 3926 4828 

1426 1515 2356 2950 3082 4085 4286 4828 4921 5001 


952 994 1720 2232 2874 3077 3121 3585 3586 
4 35 39 65 80 84 386 453 464 964 
164 266 1699 1725 2691 2834 3161 3587 3588 3589 
979 1064 1909 2431 4898 4977 4978 4979 4980 4981 
33 37 46 355 388 475 570 614 627 


2100 
583 1528 1924 2173 2206 2353 3591 3592 3593 3594 
376 1931 1949 2145 2169 2271 2370 3025 3595 3596 


526 641 1134 1258 1570 1727 2247 3597 3598 3599 
647 1350 4369 4802 4960 4961 4962 4963 4964 4965 

43 1670 2330 2345 3074 3740 4280 4627 4784 4966 

4 39 42 44 45 46 49 65 82 2944 
152 551 641 767 775 838 2551 2587 3601 
80 380 3609 3610 3611 

492 1428 1996 2355 2893 3096 3210 4855 4967 4968 






20 445 843 1496 1704 1747 3725 4778 4969 4970 
4 5 33 38 43 61 84 561 965 



948 1784 2250 4971 4972 
660 1074 2225 2497 3015 3617 3618 3619 3620 3621 


2288 2695 2921 3622 3623 3624 3625 3626 3627 3628 



522 1001 1881 1989 2269 2592 4279 4973 4974 4975 
35 188 455 1614 3286 4279 4539 4541 4671 

1028 1313 1934 2083 2334 2709 3076 3355 3707 4976 

4 9 32 40 80 81 83 387 463 561 





1139 

641 1009 1741 2124 2146 2230 2557 2612 2756 3639 





122 
91 164 713 1010 1634 3508 3807 3841 4029 4210 

54 141 438 938 1222 1591 3342 3354 3646 3647 

29 1151 1722 1961 2304 2365 2890 3657 

86 453 459 595 1292 2194 3075 3106 4193 5048 


1099 3663 3961 4080 4126 4982 4983 4984 
39 40 42 44 46 80 140 557 694 964 

200 481 1537 3537 4226 4383 4901 4985 4986 4987 


615 653 898 1221 1400 2554 2891 3355 3659 3660 


643 908 1791 1813 1937 2171 2538 3662 3663 3664 



46 60 65 85 95 97 386 387 389 3056 



422 1001 1524 2275 3314 3433 3671 3672 3673 3674 
38 43 62 66 85 95 386 475 476 561 
539 1095 3286 4809 4966 4988 4989 4990 4991 

4 32 38 41 44 60 82 84 96 141 


1001 

103 142 316 541 713 764 870 1642 2060 2948 
583 653 823 1062 1764 2201 2413 2843 4465 4992 
859 1401 1489 2109 3060 3658 3681 3682 3683 3684 
395 1744 1982 2405 2620 3079 3126 3521 3685 3686 
74 170 336 628 897 3005 3463 3687 3688 3689 
1188 1427 1441 2431 3255 3579 3648 3690 3691 3692 
123 1224 2148 2698 3693 3694 3695 3696 3697 3698 
4 22 38 42 63 83 140 141 463 464 
6 32 35 140 351 387 464 560 964 965 

1134 1222 2571 3287 4316 4526 4541 4850 4993 4994 

292 969 2172 3452 4331 4535 4890 5000 


113 292 418 864 948 1051 3251 4553 4995 4996 
845 981 1848 2224 3130 3899 4016 4860 4997 

140 395 761 1618 1621 2813 3046 4631 4998 4999 


12 158 417 1362 1848 3282 3314 3700 3701 3702 





323 343 344 714 1063 2206 2726 3015 3707 3708 
169 194 759 840 1604 2422 3759 4976 5002 5003 


15 128 761 902 3305 3710 3711 3712 3713 


206 480 615 1069 1225 1247 2025 2213 3716 3717 





4 10 36 37 60 80 84 386 557 964 

8 66 355 557 1678 2194 3283 4766 4855 4973 

3905 

170 622 662 713 1462 3744 4569 4627 5007 5008 

55 



361 964 1543 1929 2136 2643 3081 3540 4326 4962 
4990 

555 996 1243 1679 2721 2821 3734 3735 3736 3737 
95 213 602 647 903 1804 2293 2679 3738 


437 581 922 1107 1780 3365 3469 3571 3747 3748 
394 1562 1651 2204 2697 5010 5011 5012 5013 5014 




1217 2527 3845 5015 5016 





768 953 2065 2207 2836 3750 3751 3752 3753 
781 2039 2040 2239 3754 3755 3756 3757 3758 3759 

113 218 464 872 2874 3760 3761 3762 3763 
1764 3066 3764 3765 3766 3767 3768 3769 3770 3771 



5018 
1032 1235 1919 3455 4049 4734 5019 5020 

1977 

52 2178 2306 2640 5017 



16 789 1076 1493 1894 2676 2877 3363 4321 
1443 


471 939 4676 4691 5093 5094 5095 5096 5097 5098 

220 611 1382 1490 2111 2112 2965 3294 3380 3773 


265 1025 1211 1597 1642 1909 2507 2665 3484 4472 
575 1141 1565 1567 3317 4313 5021 5022 
1021 1878 2899 4096 5023 5024 5025 5026 5027 5028 

2373 
91 1123 1238 1400 2834 3655 3783 3784 3785 3786 



4332 


1603 
291 1212 1421 2744 2869 3789 3790 3791 3792 3793 


134 300 394 1780 2317 2484 2813 3794 3795 3796 
291 294 748 973 1235 2601 2905 3025 3806 3807 
22 33 34 38 60 80 81 84 463 464 


2100 


342 1019 1067 1496 1662 3626 4553 4723 5031 5032 
177 1147 1544 2700 4021 4320 4971 5033 5034 5035 


265 2906 3425 3776 4591 
2672 3863 4431 5029 5030 
964 
33 38 39 44 62 80 96 97 387 570 

149 220 352 880 1272 2152 2155 2158 3810 3811 
1799 2948 




















50 1062 1149 2568 2875 3355 3554 5037 5038 

4 463 492 1401 2821 2894 3013 3081 4950 5039 




















66 1153 1603 2142 4029 4384 5041 5042 5043 5044 


4 22 35 40 65 80 83 96 140 557 
2927 

1216 1246 1433 2111 2112 2965 3273 3776 5140 5141 



31 680 849 1496 1989 2214 3979 5045 5046 5047 
1401 1536 3000 3016 3282 3929 3935 4990 5049 

268 311 744 903 922 2375 2471 3288 3738 



1896 

3078 3871 5050 



418 627 811 1200 2106 3625 3902 5041 5059 5060 


1243 2898 3195 3327 4044 4828 5055 5056 5057 5058 






287 2519 3576 5063 5064 



267 1051 1428 2043 2645 3924 5065 5066 5067 
423 622 802 1210 1565 2637 3140 5068 5069 5070 
6 35 40 42 97 387 464 476 561 694 





33 37 61 65 80 85 95 477 570 
1812 
369 993 1222 1963 2839 2862 4966 5071 5072 








93 339 865 1642 1703 1705 2340 2670 3625 4468 

2961 


748 1483 1834 2407 2618 4166 4723 5036 5073 


1262 









2643 3182 5086 5744 5745 5746 5747 5748 5749 5750 







87 104 498 1651 2189 2790 2881 3193 5076 5077 
843 4766 4975 5074 5075 


259 662 739 918 2174 3284 4933 5078 5079 5080 
1331 



314 317 326 1480 3316 3631 4450 4762 4840 5081 




231 594 642 879 1265 1401 2367 3114 4341 4761 
141 430 1622 2597 3022 4120 4595 4703 5080 5085 





16 407 408 1497 1926 3979 4392 5099 5100 

145 647 2100 2709 3747 5087 5088 5089 5090 5091 
1245 1248 1894 1962 3052 3545 3648 4388 4714 5092 


177 415 866 1626 1962 2239 3157 5086 
453 1280 1385 1751 2123 2501 2644 3800 5033 5409 




275 864 1637 2643 3634 3740 4012 4830 5070 5705 
987 
25 433 1064 1714 2360 2554 4285 5103 5104 5105 
1115 1221 1513 1884 1976 2267 3096 4078 4661 4712 
4 9 33 61 81 82 386 463 475 570 


24 142 268 532 2372 3006 4967 5051 5101 5102 

91 626 825 1431 2481 3057 3066 3068 3384 4905 

327 1932 1939 2160 2634 3165 3930 4922 5106 
455 1063 1926 2636 3658 3986 5107 5108 5109 5110 
2961 






159 1223 1970 3138 3139 3570 4542 4828 5111 5112 

890 998 1345 2756 4223 5113 5114 5115 5116 5117 

685 857 945 1640 2898 3321 4931 5193 5194 
2083 4054 4285 4854 5195 





157 1064 1234 1700 3080 3356 4281 5118 5119 5120 
2170 



4248 

46 64 73 82 351 477 493 570 614 638 
70 203 265 704 767 1203 1234 1441 1780 5121 


3053 
37 65 81 464 475 
24 4424 4809 5049 5122 5123 5124 5125 5126 5127 

1096 1130 1473 2289 3307 3339 4136 4478 5138 5139 

5 8 22 36 39 96 389 453 557 571 

502 984 1433 2236 3125 4622 4624 5036 
1315 1637 3568 3672 3975 4518 4556 5123 5131 5132 
496 1108 1226 2036 3778 4468 4476 5128 5129 5130 









686 865 1173 1392 1443 1833 3149 4307 5144 5145 
874 1703 1848 2001 2777 4175 5146 5147 5148 5149 


1443 


1429 1547 1618 1774 2716 3159 3567 4934 5142 5143 

9 36 37 63 80 84 386 475 561 614 

456 754 2045 3321 3730 


4 38 41 65 80 81 83 84 85 2097 
403 578 2789 2884 3466 4917 5072 5150 5151 5152 


1142 1848 2263 2556 2886 3648 5010 5153 5154 5155 
138 780 1012 3568 4271 4676 4890 5156 5157 5158 






33 36 38 39 60 82 463 476 570 964 

2224 2247 3130 4016 4120 4910 5159 5160 5161 5162 
546 709 833 1637 1707 2386 3303 3379 5163 
353 1331 1780 2270 4092 4426 4850 5425 5847 5848 



3190 

2141 2855 3858 4243 4553 







1193 1208 1883 2521 2814 3346 4592 4714 5166 5167 






8 40 300 622 642 1210 2915 3377 4927 5164 
202 294 1561 1896 3237 3583 4591 4776 4888 5165 
652 1012 1422 1952 2148 2162 2261 2513 3757 5046 
77 2959 4146 4198 



4 8 42 44 60 80 84 463 464 964 


231 304 308 325 714 851 945 1596 2672 3605 
186 2382 2383 2493 3278 4644 5168 5169 5170 5171 
1629 3053 3336 5172 

198 300 1203 1333 1896 2271 4168 4540 4892 5173 
71 1108 1137 1780 3289 4805 5115 5174 5175 5176 


5 22 35 61 82 464 475 493 627 694 





37 38 60 65 83 85 97 387 561 

33 36 38 60 65 82 83 85 476 570 
1673 2201 2204 2413 2478 3930 4791 5177 5178 5179 

36 44 60 80 140 463 489 557 










915 1076 1086 1894 3081 4146 4518 4548 5788 
325 501 506 647 1019 1799 2065 4145 4444 6198 
9 36 37 39 44 65 85 387 463 614 
5 46 82 83 97 463 475 561 614 965 
260 326 716 852 1829 2954 4486 5180 5428 5562 
5562 


4881 













443 1235 1962 2100 2741 3626 4553 4870 4981 5183 
105 292 433 1603 1665 1945 2228 4515 5184 5185 
238 1238 1250 2014 2678 2855 3266 4615 4869 5182 
113 363 1083 1101 2554 2959 3451 4198 5047 


9 10 34 39 40 46 64 464 493 





219 
40 85 95 97 388 477 557 570 614 

126 291 384 481 553 1086 3538 4665 5189 


439 1517 1606 1626 3971 3992 4019 4424 4739 5190 
608 855 1238 1765 2424 2926 4266 4906 5191 5192 

439 953 1119 3545 3797 4425 4686 4762 5196 5197 





118 721 768 1356 3316 3420 3542 3651 4373 4956 
718 1399 1837 5202 5203 5204 5205 5206 5207 5208 
564 1062 1090 1727 1780 2382 3281 4012 5209 5210 




1295 3739 3979 4785 4804 4906 5038 5196 5399 5735 

5518 
958 2581 4665 5129 5201 

4 32 34 36 60 80 83 96 494 559 
4 9 33 39 40 44 63 82 83 964 
153 2010 2112 2826 2965 3766 4895 5211 5212 5213 

415 2278 2701 3441 4713 5059 5214 5215 5216 

874 892 934 1247 2459 2507 2772 3022 4828 5010 



10 22 36 39 40 42 60 351 464 964 




576 843 1191 1420 2110 2229 2289 2777 3316 4014 




1559 5217 5218 






22 39 40 44 61 97 557 614 694 1170 
77 872 1183 1537 1544 1817 2066 2755 3986 5071 

133 153 1382 1490 2112 2303 3294 3296 4591 5219 

219 898 911 3774 4259 5961 5962 5963 5964 

353 410 1065 1765 2001 2523 4605 4850 5220 5221 





548 583 1490 1542 2499 2534 2643 2754 5145 

937 














46 64 66 83 355 463 477 493 614 694 

1401 2349 2390 2566 2644 5222 5223 5224 5225 
1596 1744 1950 2551 4213 5226 
3948 
108 934 1540 1722 1804 2202 2933 3283 4673 5075 

438 2481 2754 3295 3842 5032 5038 5227 5228 




94 394 418 1331 1515 5042 5059 5229 5230 5231 

791 855 1145 1898 1938 2456 5228 5232 5233 5234 

452 507 2142 2891 3537 3583 3753 4446 5235 5236 


65 66 97 387 476 493 614 694 956 4095 

437 554 1185 1641 1831 2872 4513 4654 5237 5238 

123 187 231 1573 2041 2330 3900 4579 5239 

4499 







87 855 1810 1981 3175 4220 4685 5209 5240 5241 

47 298 1880 4300 5032 



164 868 1049 1554 2135 3193 3452 4343 4408 5242 
3636 


418 1133 2492 2709 2946 4877 5403 5424 5603 5731 

203 1706 
10 66 73 97 387 388 476 493 570 3634 

125 1000 1748 1792 1983 4099 4524 5249 5250 5251 
262 268 326 1172 1247 1412 1640 1650 2933 3560 
1062 1393 1394 3441 5243 
14 1788 2125 3870 4049 4188 4288 5244 5245 5246 


6 35 44 64 121 453 557 638 694 964 
8 9 40 42 97 141 351 614 1170 
33 35 37 43 63 80 84 387 561 964 
33 38 60 65 84 388 389 476 561 570 


5248 





1500 1914 2402 3441 3771 3891 4861 5087 5174 5252 





1149 1840 2568 3355 3698 
1022 1404 2194 3202 3385 4393 4490 5119 5254 5255 

748 1191 1284 1682 3357 3588 3763 4558 5256 


5257 

5258 





38 948 1183 2928 2978 3130 4259 4521 4541 4913 



795 883 1352 2478 2790 4490 4513 4569 4934 5161 
63 233 1078 1185 1238 1310 2148 4083 4389 5253 
891 1641 2056 4158 4913 4961 5264 5265 5266 5267 
470 784 1541 2431 3091 3166 3917 4251 4448 5268 
178 1436 1570 1832 4828 5411 5681 5968 5969 5970 

67 76 847 1544 1546 1929 2027 2843 3009 4110 

5110 


5263 
4 8 10 34 36 40 43 60 140 464 

9 32 33 39 44 84 96 386 387 475 




20 1384 2356 2447 2538 2684 3061 4018 4284 5269 




1177 1365 1405 2322 4501 5275 5276 5277 5278 5279 


9 39 40 82 141 386 463 475 681 964 
634 
293 340 3086 3233 3468 3648 4173 5270 5271 


4 22 33 42 65 80 386 571 964 1170 
437 576 1465 1489 1532 1681 2148 2265 2808 3329 




1775 3474 4300 4461 5073 5286 5287 
707 1152 1542 2456 3368 4093 5216 5288 5289 


22 42 97 121 453 475 477 557 614 627 

383 962 2722 3106 3187 3672 4273 5280 5281 5282 

481 1084 1115 1482 1682 2702 3954 4470 4795 5283 

214 405 1890 2099 2203 2471 3202 3589 4065 4517 
143 627 746 3272 4769 

33 63 96 97 388 396 477 561 4814 5284 
6 64 82 95 97 121 140 570 627 638 
1079 1274 1429 1963 2440 2724 4219 5128 5285 

775 826 969 1115 1336 1603 3434 3975 
3251 
80 386 472 1424 1505 3190 3196 5290 5291 5292 
66 829 1781 3783 4254 5189 5293 5294 5295 5296 


5 11 41 65 84 353 386 463 489 560 

97 210 864 1362 1421 1468 1529 3445 4120 4470 

342 455 1470 1735 3628 3661 3845 4764 5297 
67 874 1024 1492 1785 2534 3363 4347 5298 5299 
6 268 560 1622 2795 4886 5026 5300 5301 5302 


37 63 82 83 84 96 475 476 477 570 



33 43 80 83 84 96 387 561 571 1170 
35 76 301 571 1080 1152 3080 3094 3546 5303 


809 
630 2089 2658 2898 3846 4339 5158 5304 5305 5306 

137 1170 1207 2446 5307 

38 40 44 84 475 559 571 964 
54 135 793 1316 2941 3321 3517 3554 3664 4432 

2667 3253 5122 5257 5308 



593 1489 1559 1935 3389 3618 4074 5530 5873 5874 
8 22 46 60 351 475 489 614 2302 2965 

336 840 1608 2265 2453 2704 4804 5136 5310 5311 


247 628 1259 1787 1970 2373 3049 3097 4781 5309 
143 595 872 1197 1343 1446 1506 1680 2386 4347 
443 470 1483 2142 2201 2901 2945 3151 4336 5312 




144 202 1064 1292 2013 2709 2945 5190 5571 5734 

1008 1429 1784 1847 3081 4677 6024 6029 6030 6031 


304 420 2041 2066 3284 3414 3711 5129 5143 
5313 
2070 2218 2495 2982 3409 3975 4758 5314 5315 5316 
10 42 63 80 140 351 386 453 557 570 
1895 


4 10 37 60 80 83 386 557 571 964 








4977 





40 385 599 717 784 2293 3625 3992 4990 5317 
6 8 46 61 140 464 493 557 561 614 
438 596 764 2754 3517 4124 4202 4639 5318 


6 32 40 43 81 96 141 351 386 464 
1406 1515 1619 2046 2562 2844 4020 4322 4628 5319 


102 187 578 2667 3680 3685 4174 4262 5321 5322 5323 5324 5325 5326 5327 5328 5329 

207 991 4246 4810 5330 5331 5332 5333 5334 5335 

233 301 363 780 1510 3184 3406 4209 4469 4713 
5181 
181 380 540 988 1648 2671 2751 2856 3166 4257 

5 10 38 42 82 95 351 453 464 
67 496 622 1427 1496 3863 5338 5339 5340 

4 37 38 44 60 65 66 95 388 389 

294 791 2282 2961 4553 4671 4948 5336 5337 

32 44 60 84 121 351 355 627 695 964 
5310 

9 35 40 42 84 140 141 453 463 557 
133 481 707 718 1234 2015 2121 2228 2630 3149 3185 3244 3567 5209 5508 5639 5852 5939 5988 5995 6053 6150 6151 6152 6153 6154 6155 6156 6157 6158 6159 
420 1847 5619 6001 6007 6291 6292 6293 6294 6295 
5 37 38 65 82 97 386 387 493 

184 304 2009 2531 2937 3533 3780 4260 4662 5341 



913 1480 1817 1906 2398 3753 3880 5342 5343 5344 



126 




102 825 1014 2876 2948 4006 4893 5349 5350 5351 
4682 
115 782 948 2877 5810 



219 3897 4115 4222 4425 4558 4865 4991 5355 5356 




64 97 121 140 141 351 388 475 570 3930 

144 277 412 822 1341 2253 3273 5352 5353 5354 


234 1839 2376 4022 4944 5123 5361 5362 5363 5364 








5 6 22 44 46 80 140 453 464 627 

187 290 707 2192 2303 3083 4262 5323 5324 5365 
2533 3327 4078 5107 5366 
438 600 1673 5051 5357 
218 394 643 1115 3752 3763 4311 4319 5085 5358 

16 92 593 754 874 1222 2013 2138 5298 5359 


1179 1433 1801 2881 3053 3579 5367 5368 5369 

1343 2269 2280 3850 4030 4469 5370 5371 5372 5373 



86 453 604 3040 3075 3321 4899 5336 5360 

38 60 64 84 95 388 389 477 614 



3857 5324 5374 5375 5376 5377 5378 5379 5380 5381 













394 641 1440 1773 1998 2225 2643 3209 4956 5382 


358 632 1865 3026 3227 4520 4966 5101 5383 
5 36 37 46 60 83 84 85 388 475 





46 84 386 560 643 737 1334 2448 2525 5384 
6 33 35 63 64 96 388 389 464 561 
47 177 1823 1888 3425 4280 5029 5388 5389 5390 

316 4053 5355 5391 
25 707 913 972 1110 4299 4569 5131 5392 

733 2765 3046 4343 5385 5386 
441 1059 1275 1535 2618 2790 3626 3833 4895 5387 
337 

355 448 604 1537 3321 5124 5393 5394 5395 








9 22 35 36 121 140 351 493 638 694 
761 914 1069 1184 3119 3346 3471 5397 5398 

463 1535 1553 1780 1891 1898 2148 4175 4891 5396 
362 500 595 947 3100 3390 3742 3968 4483 5115 




960 1358 1940 1964 5405 
102 348 1262 1489 3143 4171 4208 4242 4506 5406 
415 1485 2045 3664 5042 5400 5401 5402 5403 5404 


35 36 40 65 95 96 387 477 561 614 
60 87 176 460 1179 1421 2235 4310 5394 5399 


9 326 915 934 2259 2443 2954 2969 4981 5400 
9 1019 2722 2970 3321 
528 964 1546 2087 2318 4094 4159 4928 5407 5408 
18 313 625 1478 1947 2902 3771 4124 4222 5412 


4905 
15 1267 1919 2447 4418 4444 4645 5077 5415 5416 



325 791 1634 2236 2638 3566 3607 3980 5410 
1524 1609 2029 2162 2566 2646 3471 3899 5411 
1280 2056 3275 3592 4001 4246 4725 5320 5413 5414 
5 33 36 37 64 82 355 386 388 561 


597 704 720 954 2039 5417 5418 5419 5420 5421 


306 643 723 782 1894 2101 2846 3655 4081 5422 


10 22 35 42 82 140 351 477 638 
24 200 1573 2431 3930 5280 5423 5424 5425 5426 
5 33 63 82 387 476 477 561 614 


12 718 1748 1904 2709 2720 4476 5395 5454 5468 
691 745 1356 1803 4115 4690 5181 5303 5427 5428 






445 646 1563 1594 2066 3725 4079 4087 5431 5432 
5 8 46 61 82 97 140 387 614 694 

43 66 82 83 95 355 387 389 493 

1189 2878 3140 3227 5197 
252 1067 2218 3468 4185 4543 5433 5434 5435 5436 
409 661 714 1090 2284 3233 4565 5437 5438 5439 


6 22 36 37 44 63 80 96 453 464 





312 


4 9 33 39 43 44 63 82 83 964 


139 548 1454 2194 2655 2699 3038 3255 3870 4293 

231 1137 1285 1554 2697 2768 3316 4021 5442 5443 




1634 1986 2259 2443 2446 5811 5834 5835 5864 

3975 5440 
153 1381 1385 1537 2112 2121 2426 2965 3294 5441 


462 3458 3793 4182 4934 4979 5325 5404 5435 5444 
40 135 141 318 464 481 1682 3081 5445 5446 


3534 
5436 

39 42 81 96 141 388 453 464 627 638 

453 577 578 1375 4359 5121 5447 5448 5449 


652 754 2047 2265 3045 3189 3544 5132 5329 5450 
















139 380 417 566 1132 1197 1303 2232 2799 5454 



153 218 578 1095 2792 4279 5243 5455 5456 
1482 2005 2303 2837 3349 3878 4224 4331 4910 5460 






143 225 870 937 1625 3174 3431 4586 5461 5462 
3975 


1977 2134 5363 5749 6031 
1073 1278 3192 4639 5243 6012 6179 6180 6181 6182 



4 60 65 97 355 387 389 475 561 614 






167 909 1637 1681 4169 4176 4642 5425 5463 5464 





102 598 2134 3578 3626 3810 4506 4604 4954 5465 
180 557 871 1785 2112 2585 2601 5466 5467 5468 
707 1559 2274 5469 5470 5471 5472 5473 
1531 1543 1614 2136 2538 2582 4998 5268 5474 5475 


5476 
228 346 1227 1732 3388 3521 5128 5477 5478 5479 


9 376 915 1047 2386 2443 2844 5274 5480 




584 1404 2407 2640 2734 3035 4018 5038 5484 5485 

434 829 948 2865 3286 4378 5403 5413 5481 5482 
16 211 578 783 3229 4069 4274 4932 4962 5483 





5486 
305 764 1284 1850 1960 2110 2334 2445 4504 5487 


496 4117 4417 5431 5488 5489 5490 5491 5492 5493 

5 64 95 453 475 476 570 627 638 



5494 


28 1085 3061 3062 3210 4454 4766 5495 5496 5497 










3879 3968 4117 4961 5346 5498 5499 5500 5501 5502 

28 497 756 896 1179 1947 2407 3255 3363 4989 

1946 




282 438 1215 2157 2422 3190 3541 5046 5503 5504 
24 572 914 1206 2271 3727 4050 5447 5505 

65 793 1064 1129 1292 1816 4325 5506 5507 5508 


6 10 35 46 97 351 387 476 638 694 

142 704 1032 1418 1420 2813 3092 4819 5509 5510 

188 579 1515 2447 5472 5512 5513 5514 5515 
290 472 1557 4331 5516 

628 864 1384 1570 3571 3579 4060 4505 5517 






1272 1699 1748 2596 3370 5518 5519 5520 5521 


872 1428 1609 1937 2881 3388 3863 3953 4828 5097 5522 5523 



55 425 1418 2121 3054 3210 3454 3830 4059 6149 

87 171 203 316 1214 1331 1985 2014 2060 2176 





1515 1945 2062 2244 2463 3739 4948 5011 5440 5524 
3800 5525 5526 5527 
87 415 1629 1987 2012 2201 2413 2878 4336 5528 
71 1220 1715 2728 2803 2925 4475 4476 5150 5529 
652 1400 1560 2459 2760 3375 3774 5266 5491 

555 888 953 1213 1926 2995 3289 3698 5530 5531 






5404 
1526 2775 3460 3931 


28 1069 1494 4086 4809 



39 522 1014 1058 1426 3456 5071 5425 5534 5535 


153 1382 1490 1603 1715 1963 2111 2112 5536 5537 

2417 3571 3998 4060 4358 4910 5532 5533 


1470 2527 4553 4579 5538 
324 1267 1315 1907 2399 2573 3891 4674 5539 5540 
1413 1934 3185 4091 4343 5541 5542 5543 5544 









6 22 37 38 66 83 351 570 614 965 











496 506 1002 1252 4175 4208 4577 5032 5116 5546 
184 204 290 1806 3079 4336 4341 5547 5548 5549 

1224 1548 1785 2136 3061 3083 3084 4846 4853 5550 
225 1513 3513 4475 5122 5551 5552 5553 5554 
641 887 1179 2982 5555 
1030 1103 1637 2061 3577 3612 4117 4215 5389 
1743 2915 4948 5122 
472 479 521 1147 1324 1339 1401 1611 3800 4843 

22 35 42 140 265 614 1448 1648 3179 4817 
5148 
544 984 2253 2396 3963 4458 4624 4840 5360 5556 
189 626 845 1069 1544 1802 3888 4703 5557 5558 
169 


218 335 403 1622 1996 2645 3631 4533 4947 5569 
911 1700 4166 5559 5560 5561 


47 870 2200 3556 3598 3953 4000 5563 5564 
750 752 1952 2045 2281 2458 3935 4295 5565 5566 
313 1224 2922 3067 3394 4021 4483 4489 5567 5568 

3 6 9 45 47 141 353 478 1878 4440 

60 420 1448 1523 3154 3435 3632 4295 5062 5575 

9 37 39 44 65 81 83 97 463 964 
1368 1798 1913 1917 2826 4003 4988 5487 5570 5571 

261 319 1238 3943 3956 4777 5267 5572 5573 5574 

6 8 32 33 44 65 84 141 351 464 


405 932 1095 2873 3578 4061 4208 4248 5562 


15 872 1123 1135 1141 1492 1949 2251 2321 4919 


37 



579 583 1276 1474 4937 
3587 



77 1325 1489 2666 3394 3780 4919 5461 5576 5577 

2456 5578 
563 845 2029 2642 2734 3445 4367 5251 5579 5580 

1364 1637 1746 3172 4612 







685 945 2566 2646 2970 3591 3666 4183 5581 5582 


147 268 1610 2293 2956 3085 3114 3937 5588 5589 
204 811 1247 1453 1787 1823 3332 3468 4079 4470 
33 60 63 80 81 463 1236 2166 3191 5590 



100 233 443 3086 4114 4282 4353 4395 4731 5591 

987 1469 1579 2487 2534 2724 4742 5186 5210 5592 

337 948 1280 1677 1774 2029 4383 4534 4758 5444 







55 304 1621 2428 2461 3110 3209 3770 5594 5595 
896 1544 2064 2466 3209 4972 5571 5596 
397 653 1429 3329 3842 3843 5109 5597 5598 5599 


15 217 1024 1360 1479 2379 3165 3718 5602 



6 42 49 82 95 561 1720 2098 2762 3306 
2701 

974 1424 1675 1703 1964 2293 2438 5603 

1049 1405 2414 2480 2961 3176 3475 4528 5604 






436 1130 1961 1991 2390 2633 3390 4777 5605 5606 

784 792 1206 2794 4048 4294 4394 5425 5610 5611 

5614 


313 399 595 618 1896 2228 3151 4987 5612 5613 



1083 1561 1701 2178 2390 3467 4086 4436 4725 5616 




643 1302 2869 3118 4620 4818 5276 5617 5618 5619 



1509 5506 5620 5621 
419 608 1107 1185 1684 3607 3699 4394 5622 
555 912 2259 2443 3197 3525 5623 5624 5625 5626 







170 906 1191 1481 2566 4138 5404 5627 5628 




37 38 64 65 80 84 355 387 570 
383 517 1194 1324 2462 2852 3427 3671 4331 5451 


550 4518 4556 5420 5629 5630 5631 5632 5633 
5634 







305 652 760 1069 2505 2539 3514 3568 3858 5635 




881 1388 1413 1978 2269 2540 3686 5246 5641 5642 


6 9 32 35 37 65 81 141 557 964 

1188 2430 3025 3721 3769 4737 5058 5643 5644 5645 
2021 3017 3979 4213 4900 5646 5647 5648 5649 



464 1485 2297 2836 3096 3971 4173 4647 5653 5654 
40 5434 5650 5651 5652 



37 40 44 81 82 83 386 475 477 1170 






5655 


300 649 928 2554 4648 




3084 




2855 

6073 
9 37 60 63 65 387 477 561 571 964 








234 1051 1541 1932 2019 5457 5656 5657 5658 5659 


632 720 2267 2696 4016 4285 5500 5558 5660 5661 

750 752 1365 3082 4188 4769 4988 5046 5462 5662 


90 139 717 2293 2455 2914 3240 3810 5663 5664 





5667 
33 82 84 95 97 121 355 387 694 

937 1064 1292 1634 1764 1801 2088 2927 4723 4979 







4 10 36 42 140 141 453 463 464 557 
2032 2846 3434 4257 5695 

272 1024 1494 2487 2919 3466 3672 5036 5945 6091 









348 877 2215 3123 4515 4533 5240 5600 5668 










434 705 1356 2570 2587 3579 3960 4446 5669 5670 

6 10 38 140 141 351 388 476 694 






35 80 84 557 





1924 2108 2414 2536 3362 3780 3807 5411 5671 



2527 2581 2633 3794 4429 5355 5600 5672 5673 5674 



2367 3537 3791 4293 4797 5675 5676 5677 5678 5679 

43 64 80 121 453 2772 3262 4096 4919 5680 


562 


13 52 614 1310 1373 1741 3295 3534 4226 
302 496 553 802 1303 1532 2550 2744 5317 5681 


5682 



40 908 3874 5274 5320 6136 6137 6268 6269 6270 



86 130 374 1152 2060 3202 3362 4322 5683 5684 

419 

576 2134 2178 2569 2805 2808 3958 5465 5685 

2210 5692 

1095 1263 1368 2394 2507 2844 4207 4690 5693 5694 


39 44 475 654 1170 1934 2695 3597 4634 5686 
468 914 1213 2446 2756 2824 3202 3362 4861 5036 



1282 
2411 3631 3885 3940 4834 5687 5688 5689 5690 5691 


1755 
1706 
22 40 80 84 141 386 463 464 964 1170 
2431 2512 2862 4213 5246 5263 5538 5695 5696 5697 




694 703 896 1064 1123 1214 2375 2731 2945 5698 


146 599 725 1525 1646 1728 2124 3444 4336 5702 
1325 1637 2396 3444 3550 4543 5525 5703 5704 5705 

5706 

305 334 573 593 841 1327 1331 4486 4910 5333 

394 


277 1245 1555 2079 4045 4296 5249 5426 5561 5699 

77 481 2472 3177 4093 4504 4981 5001 5700 5701 

93 394 647 1404 1521 1894 1934 2846 5707 5708 



339 529 618 944 1214 1429 1823 3046 5630 
31 439 1062 1404 1587 2043 3715 3729 5709 5710 
2162 2368 3910 4448 4666 

583 608 1382 1490 1699 2037 2112 2121 3296 5711 


873 1081 1977 2149 3054 3256 3344 3539 5049 5491 

365 406 1365 1531 1695 1699 3098 3439 3737 4158 



44 61 80 81 82 83 95 463 476 570 






429 


42 84 768 1091 1126 1699 3439 3679 5712 5713 



113 123 2112 2587 3464 3567 4220 4830 5561 5714 
433 545 4114 5468 5853 5854 5855 5856 5857 5858 
113 924 1669 1741 1864 1963 2293 3566 4506 4577 






164 389 717 2012 4053 4097 4931 5018 5717 5718 


765 1032 3146 3362 3636 3753 3879 4605 5411 5719 


1740 



305 518 532 1610 2168 2772 4441 5034 5418 5720 

438 1087 1542 1622 1808 2643 3958 4214 5051 5721 


80 295 932 4333 4392 5085 5156 5426 5728 5729 



662 1711 2618 4293 5722 5723 5724 5725 5726 5727 

645 1563 2110 5730 5731 






300 820 1319 1401 2654 2709 5603 5732 5733 
965 1164 1820 2372 2940 3005 3601 3830 4758 5665 

421 1303 1969 2280 2891 2902 3234 3752 4373 
3371 


4579 
402 631 632 706 1252 1383 1401 3242 3738 4671 


231 260 1802 1954 2824 2920 4306 5634 5736 5737 
647 783 2571 2619 2794 3210 4737 5738 5739 5740 




104 394 460 1436 2182 3086 4617 4743 5065 5261 



267 976 2716 2781 3464 3992 5234 5322 5751 5752 


1896 
2069 4310 4986 5172 5601 5753 5754 5755 5756 


831 1523 3932 4145 4148 4208 5525 5682 5757 5758 
186 383 836 1133 3742 4263 4613 5759 5760 5761 
201 460 754 1127 1274 1756 5549 5561 5762 5763 

385 1699 2957 3439 3557 4358 5764 5765 5766 5767 
33 38 43 81 96 475 570 571 964 1170 
366 375 433 578 641 707 938 1002 1086 1382 1470 1554 1598 1622 1642 1704 1932 1934 2010 2017 2069 2140 2184 2303 2316 2500 2869 2933 3114 3335 3385 3545 3578 3607 3902 4022 4272 4518 4634 4737 5033 5070 5172 5202 5442 5768 



62 169 300 604 1991 2754 3748 4073 4109 5769 
444 1472 1576 1651 2125 2967 2969 5594 5770 5771 


420 912 1727 1881 2671 3374 4058 4120 5283 5772 

523 1119 1287 1741 4039 5773 5774 5775 
184 524 937 1152 1652 2398 4194 5243 5776 





2322 2756 3087 3240 4325 4914 5085 5777 5778 5779 
363 956 1055 1139 1252 1276 2678 2768 3066 5780 
3195 



632 1331 1424 1764 1793 1917 2481 2550 2999 4943 
1445 1972 2571 3264 3435 4088 5540 5782 5783 5784 
509 









33 36 61 64 80 386 475 477 493 

438 726 742 1129 3022 3286 3667 4621 4723 
1128 1391 3567 4417 4827 5156 5560 5675 5800 5801 
61 63 84 355 387 389 1755 3769 5713 5802 

325 1465 4034 4048 5803 

2868 
5485 5791 5792 5793 5794 5795 5796 5797 5798 5799 




5790 




36 60 61 82 84 355 387 476 477 




1314 3266 3405 4562 5587 

52 708 1991 2084 3355 3384 5804 5805 5806 

433 2081 2843 5040 5811 

8 45 46 47 48 141 476 492 1878 2903 

16 789 1076 1429 3489 4212 4914 5442 5808 5809 

1031 1422 1487 1836 5807 



5819 5820 5821 5822 5823 5824 5825 5826 5827 5828 

3507 5421 5809 5812 5813 5814 5815 5816 5817 5818 


3563 
397 1282 4336 4723 5829 

226 1429 1855 3058 4385 5106 5830 5831 5832 5833 

269 2484 4910 4966 5236 5510 5598 5834 5835 5836 







81 130 1428 3579 5308 5487 5808 5837 5838 





225 2533 3318 4949 5309 5662 5839 5840 5841 5842 


180 301 768 1206 1213 1457 3027 3468 5843 5844 



186 641 1847 2665 4095 4256 4310 5603 5845 5846 



32 40 81 964 5800 







36 46 60 61 64 83 95 386 388 493 


218 711 1757 2099 2100 4470 4853 5232 5615 5936 

6064 




29 76 207 291 475 1765 1899 2138 3184 4239 5461 5570 5697 5704 5849 5850 5851 



453 557 614 822 1539 2136 3155 3759 4608 5837 


172 434 1840 3444 3533 
135 5560 5852 

5 95 96 97 453 464 493 694 964 1170 








210 892 1894 1952 2367 2634 3209 3868 5859 


2484 



1881 
530 709 2592 3502 4189 4499 4836 5064 5705 5860 




749 960 964 3062 3521 3615 5543 5693 5861 
1823 
6 63 64 66 81 141 464 571 1817 


1912 


126 173 553 983 2676 5240 5713 5788 5862 5863 











164 305 472 685 1720 3081 5263 5603 5865 5866 




292 902 1699 1748 2017 3682 4081 5867 5868 5869 





305 

2978 3784 3792 4870 4895 4901 5849 5870 5871 5872 




701 

562 1433 1532 1909 2587 3031 4537 5265 5550 5748 

471 1220 1266 2037 2431 2728 3054 3612 4564 5697 




851 1163 1214 1218 1269 1992 4958 5460 5803 5877 

1787 2066 2629 2985 4489 4622 5129 5199 5875 5876 


25 681 694 2639 3202 3325 5042 5373 5878 5879 


335 948 2665 3057 4309 5066 5880 5881 5882 













1344 2281 2458 3935 4670 4671 5639 5883 5884 
2015 
143 260 1183 1466 3286 5885 5886 5887 5888 




276 1281 2422 3690 4021 4812 5066 5122 5538 5889 







1603 2191 2802 3180 3962 4347 4569 5017 5346 5890 

153 445 1896 2046 3568 4148 4517 5892 5893 5894 
39 40 42 80 351 355 463 571 638 695 
2061 4247 5891 





324 598 1949 2136 5561 5837 5896 5897 5898 5899 

446 661 1709 3542 3612 3734 5107 5280 5346 5900 
24 82 167 614 826 2282 3743 4826 5901 5902 
3800 4309 4645 4846 5876 
471 
22 42 61 83 85 351 476 493 557 

1506 3185 3929 4470 4637 5283 5772 5856 5903 5904 
959 

875 1246 1579 3975 4112 4569 5905 5906 

36 37 64 65 83 387 463 476 493 561 
793 3114 3144 4119 4956 5907 5908 5909 5910 




9 33 35 36 60 80 83 476 477 494 
802 




4487 


2096 3174 4669 4837 4949 5085 5911 5912 5913 
1079 1247 3169 3295 4341 4910 5148 5316 5914 5915 
236 304 474 1315 1900 2401 2406 4679 5916 5917 
9 40 61 64 73 81 140 387 4099 



1563 2029 2577 2822 3794 3807 4460 4933 5869 5889 

37 38 80 84 386 387 475 477 964 1170 

225 499 522 911 1241 2062 2270 2566 2646 3072 3613 4686 4931 5924 5925 5926 5927 


4634 4666 5179 5928 5929 





39 840 2093 2169 2655 3778 4679 4989 5199 5930 


628 2148 3162 4537 4982 










1817 1907 2539 3936 3970 5931 5932 5933 5934 5935 







266 270 1644 1880 1881 1882 3316 4791 5938 5939 

126 553 2225 5664 5937 

2438 



5425 

638 708 1766 2096 2284 4303 4339 4373 5518 
653 1908 1924 2108 5940 






546 1270 2537 4958 5941 




2200 2636 
2052 2650 2777 3247 3290 3294 3374 3646 4472 4877 




227 820 944 1128 1808 3655 5168 5942 5943 5944 




815 2043 3272 3725 5042 5659 5769 5851 5938 5945 
4597 
181 276 855 2115 2627 2920 3327 4956 5946 5947 
496 583 685 865 1926 2398 2531 3997 4661 
142 1303 1369 1604 1947 2416 2571 4978 5948 5949 
335 718 871 1137 1226 2111 2112 2618 4158 4416 






608 736 1112 1305 2650 3457 5496 5950 5951 5952 

231 1429 1841 2065 2277 3000 3288 5953 5954 
1428 1641 2808 3100 4121 4223 4808 5893 5955 5956 

954 1164 3193 5957 5958 






5959 

186 1771 1777 2074 2550 2720 3291 4277 5960 




5965 
954 1249 2478 3368 3568 5415 5938 5966 5967 

4 33 36 60 80 97 386 476 561 965 
3294 
1375 
181 276 561 2846 2997 4412 4504 5180 5971 


883 1524 1677 2145 4729 5139 5297 5938 5972 5973 





608 1834 2919 3109 3456 4173 4377 4490 5670 5977 
1093 5560 5788 5974 5975 

1654 1926 2760 3184 4061 4126 4472 5435 5976 

52 101 156 236 527 1073 3193 3288 4115 5893 







3547 




502 769 1698 2493 2629 3067 3310 3672 3910 5516 
794 3072 5376 5978 










5979 

2101 


1622 


407 711 2322 2332 4815 4870 4986 5980 5981 5982 


5176 



5 10 46 73 140 387 388 493 557 
525 942 2287 3295 5899 5983 5984 5985 5986 5987 

294 335 823 852 888 3149 4465 5818 5988 5989 




389 

996 1179 1379 1604 2007 3537 3766 4548 5743 5992 








391 2643 2676 3065 3078 4092 5148 5990 5991 


4751 




24 647 1085 1352 1428 2122 3618 4454 5993 5994 
5316 

804 932 1272 2722 3521 4815 5039 5485 5995 5996 
143 1466 1682 3648 4166 4801 5788 5967 5997 5998 
3605 












186 872 1906 2162 4278 4729 5364 5999 6000 

781 1240 2668 3102 3612 4954 5210 5654 5882 6001 

1634 3347 3958 4165 5280 5780 6002 6003 










375 930 994 1060 1353 1912 2268 2678 3065 3078 4498 5095 5936 6004 6005 6006 6007 



247 545 552 1062 1239 1482 1675 2905 4960 4990 
352 1188 3096 4589 5066 6008 6009 6010 6011 





4 22 33 35 39 80 81 140 352 453 
1342 1428 1597 2287 3110 3210 5893 6015 6016 6017 
231 2057 3410 5545 6018 6019 6020 6021 6022 6023 




4458 


1221 3317 3651 5106 6020 6024 6025 6026 6027 6028 
5 8 9 22 35 81 140 453 493 

480 1076 1141 1370 1492 1894 4321 4776 5042 
515 1287 1498 1928 4244 5731 6032 6033 6034 6035 
24 845 1962 2180 3210 3422 5624 5893 6036 6037 



2832 4141 4792 5366 6038 6039 
38 62 463 


35 36 38 44 80 82 83 386 387 494 
239 732 1020 1989 2016 2030 3363 4062 4309 5841 


3546 
1548 1920 1952 2296 2297 4649 5674 6040 6041 6042 
9 66 162 191 219 265 289 336 910 944 1181 1296 1532 1533 1710 1752 1754 1790 2203 2213 2491 2722 2765 2855 2899 2994 3316 3780 4297 4332 4483 4729 5322 5618 5929 5973 6040 6043 6044 6045 6046 6047 6048 6049 6050 6051 6052 6053 


37 44 60 63 570 


272 871 1058 1375 3012 3890 3993 5248 5389 5630 



820 




397 1521 3505 5605 6054 6055 6056 6057 6058 


2638 2862 4251 5643 5709 6008 6009 6011 6059 6060 
606 2100 3387 3405 5095 5610 5804 6061 6062 6063 









894 3547 



247 1189 1421 1800 2574 3922 5849 5919 5920 5921 
597 760 1189 1421 2844 3993 5227 5458 5922 5923 
464 




422 630 901 911 1913 2100 2489 5122 5748 6298 












397 2066 4105 6066 6067 6068 6069 6070 6071 6072 


562 568 1780 1947 3085 3363 3621 5686 6040 6065 
611 840 841 2040 5649 5659 6074 6075 6076 6077 

73 363 3327 4200 5149 5364 5456 6078 6079 6080 


1816 2007 3465 4069 5518 5530 5847 6081 6082 

111 126 505 1545 1632 2905 3881 4662 5035 5784 

936 1772 2008 4321 4452 5550 6083 6084 6085 






751 1894 1920 2013 3001 3476 4131 4919 6086 6087 



263 903 1051 1734 2645 3004 4050 4240 4730 5956 
464 783 3136 4001 4120 5040 5123 5248 5274 6090 

246 1414 1741 3091 3286 3460 3862 4690 6088 6089 



5 33 38 82 84 475 476 493 694 



922 



121 1355 1450 2687 3055 3939 4192 4309 4703 5496 


553 2416 3567 4048 4090 5626 5688 6035 6095 6096 





10 41 61 66 96 389 557 571 614 965 
143 1192 2988 3679 3891 4272 5286 5720 6097 6098 
449 721 1492 3109 3399 4188 5271 5410 5601 6099 

481 544 724 1171 1240 1248 5545 6100 6101 6102 
273 278 494 4529 4537 5598 5777 6103 6104 6105 
2438 2493 3215 4122 
37 46 83 387 388 614 695 1019 1334 




35 1207 1442 2074 3422 5608 5709 6021 6106 6107 


273 397 852 1421 2136 3634 4927 5710 6108 
6109 





272 1058 1303 1347 3405 3890 4844 5065 5248 6110 
40 373 630 1412 1650 3809 3897 4392 6037 6111 
39 60 83 84 96 387 388 477 571 614 

31 47 131 298 1243 1272 1626 2101 2678 6112 
416 753 817 2156 3669 4022 4130 4517 6113 6114 
373 1004 2874 3108 4214 4771 5642 6115 6116 6117 




1548 2253 2426 2956 4401 6118 6119 6120 6121 6122 
6 10 66 95 140 493 614 627 1019 

468 1063 1188 1579 2139 2735 5954 6123 6124 6125 



164 479 1705 1763 2689 3537 5936 6126 6127 6128 
463 






567 1533 2599 5417 6129 6130 6131 6132 6133 

784 1950 3210 3415 3960 6134 6135 6136 6137 

1838 
35 65 141 352 845 
327 1083 2756 4483 4613 5466 6146 6147 6148 


402 403 3992 4242 5576 5596 6138 6139 6140 6141 


439 528 789 1142 2081 2207 3562 3972 4919 6142 
1383 1748 2013 2585 2808 3795 6065 6143 6144 6145 

967 









5136 









566 
44 287 313 2672 2866 4652 4694 4760 5993 6160 
5816 

577 1502 1816 2514 2610 3185 3558 6161 6162 6163 
795 981 2765 6164 6165 6166 6167 6168 6169 6170 




3058 



641 646 902 1366 1535 3065 5351 5415 5516 5643 


273 278 494 2954 3611 4730 6105 6175 6176 6177 
37 73 80 97 476 477 493 638 1334 

578 1367 1429 1479 1786 4227 5293 5576 6178 
213 1561 2136 2411 2638 2939 4107 4332 5491 5527 





10 35 39 40 45 141 351 464 695 964 
70 162 1050 1362 2489 2490 2731 3752 4990 6183 
845 1235 1400 2855 4114 5180 5854 5863 6184 

81 300 498 500 1469 1646 4290 6070 





758 806 2244 3993 4018 5271 6055 6117 6185 
6186 


5 9 22 35 81 140 453 2672 5956 
523 1103 1370 4146 4971 5396 6159 6187 6188 
5376 
390 1285 2149 2200 2486 4476 6114 6189 6190 6191 
1106 1164 2671 3769 3774 4303 4542 5684 6192 6193 


133 266 375 3410 5049 5776 5947 6159 6194 6195 


1632 2744 3281 3711 4403 5601 6112 6196 6197 



620 1051 1817 3099 3136 3643 4337 5644 6199 6200 
643 924 1422 2163 3092 3255 3547 5062 5681 
6194 




40 1663 2180 5993 6201 6202 6203 6204 6205 6206 






448 1525 1526 2320 2570 3278 3284 4570 5836 5899 
137 454 688 720 944 5042 5071 5145 6191 6207 
2855 2920 3066 3128 5625 6208 6209 6210 6211 6212 





4136 









24 826 1634 1849 2001 2870 3748 5882 6065 6248 

641 1060 2087 2852 3027 3846 4928 5042 5674 5862 

665 694 868 975 1067 2514 3355 3998 5836 6213 6214 6215 6216 6217 6218 6219 6220 6221 6222 6223 6224 6225 6226 6227 6228 6229 6230 6231 6232 6233 6234 6235 6236 6237 6238 6239 6240 6241 6242 6243 6244 

737 771 896 1035 1413 2225 2296 3693 4992 6245 










47 1157 1559 1667 3191 3355 3597 4045 5153 6185 


1310 1442 3926 4086 4686 4972 5248 6246 6247 


2081 2868 4226 4251 4494 4956 6172 6271 6272 6273 

305 402 643 652 2254 2734 4805 6120 6274 6275 
375 3605 4164 4867 5618 6116 6276 6277 6278 6279 
189 332 2416 3027 3190 4827 4940 6085 6249 6250 
96 1284 1292 1919 2831 3119 3543 6251 6252 6253 
79 123 944 1019 3440 3513 4190 4710 6020 6254 



6 8 9 32 36 39 40 46 453 557 
5 46 97 351 388 453 464 638 5764 




81 443 1206 2205 4030 4185 5788 6255 6256 6257 




60 310 928 1847 3106 5276 5340 5392 6260 6261 


146 

15 1319 2430 3471 3886 5266 5696 5978 6258 
5095 5101 5209 6259 



219 1373 2064 2322 2549 4258 5389 5880 6020 6109 
3081 

































845 2069 3377 3559 3959 4350 4413 6210 6262 6263 



5638 


1313 2395 4064 5487 5561 6135 6264 6265 6266 6267 


3121 
3158 3954 
83 665 1416 1418 3091 3092 4380 4686 5147 6020 






525 1365 2069 2744 5375 5608 5619 6280 6281 6282 



2039 



325 1346 2041 3381 3753 3935 6285 6286 

335 1931 3794 4012 4138 4326 4558 4589 5487 

39 64 121 141 600 638 2752 3070 5686 5696 

294 604 1248 1489 4487 5705 5961 6186 6283 6284 



541 1330 2855 3075 3891 5956 6287 6288 6289 


4165 6296 

2121 3567 3797 5078 5508 5629 5710 5764 6152 6187 
2554 5199 5855 5956 6290 






326 5254 5346 6294 6297 

470 1653 1798 2151 2169 5239 6299 6300 6301 




