2048 18876 0

1 
1 2 
1 2 3 
1 2 3 
1 2 3 1358 
1 2 3 
1 2 3 6 
1 2 3 7 1027 
1 2 4 6 8 1484 
1 2 3 6 9 10 
1 2 3 4 10 886 
1 2 3 4 6 8 
2 3 8 11 12 
1 2 4 6 7 
1 2 3 5 6 7 8 11 14 
1 3 4 9 12 
1 2 3 6 8 11 15 1706 
1 2 3 4 5 6 11 16 1729 
1 2 3 4 6 13 402 1797 
1 2 5 6 8 11 12 
1 2 9 14 17 1047 1201 
1 2 4 5 7 10 14 20 
1 2 3 4 7 8 13 22 
2 10 17 18 
1 2 3 6 18 23 
3 6 9 10 11 16 20 214 
1 2 3 6 9 17 19 755 
2 5 6 11 23 27 
1 3 5 11 13 15 28 
1 2 10 12 13 19 25 
1 2 11 17 18 19 23 26 1339 1373 
1 3 6 16 17 23 25 
1 2 9 13 16 18 19 28 
1 2 3 8 9 18 31 
4 6 8 11 19 21 23 738 1120 
1 2 6 17 21 36 316 
1 3 6 10 20 27 29 36 
2 3 9 12 14 16 23 38 807 909 1831 
1 8 11 13 15 17 22 35 850 
2 4 9 16 20 23 27 28 29 
1 2 8 13 14 15 19 23 38 
1 2 3 10 16 18 20 32 364 
1 2 3 5 9 13 20 22 32 
1 12 13 17 21 29 43 1995 
2 3 4 5 6 7 8 11 43 
1 2 6 8 19 34 43 
1 2 4 22 26 29 30 
1 2 3 6 29 43 47 279 
1 2 11 12 13 20 21 32 1310 
2 6 9 15 19 29 31 35 37 335 
2 3 4 7 14 16 21 25 30 109 
1 3 11 20 28 29 35 39 40 1221 1326 
3 16 19 29 30 34 46 1929 
1 2 14 24 51 
1 2 5 9 16 22 25 300 
1 2 15 25 44 51 54 
2 6 8 25 44 46 49 1942 
2 14 16 22 36 44 45 51 
1 3 4 10 28 31 33 53 
2 8 16 28 52 
1 2 15 21 36 42 1383 
1 28 31 35 40 43 58 
4 8 14 15 16 25 44 49 52 
2 8 9 13 15 27 30 36 53 
1 12 14 16 19 27 40 225 1352 
1 2 4 6 19 27 51 61 
2 3 6 8 13 36 64 67 182 
1 2 6 23 28 39 51 
2 6 8 14 16 21 23 53 68 1553 
1 3 16 18 20 23 29 49 
1 2 3 16 20 21 22 1474 
1 2 5 8 22 36 40 42 50 
1 6 8 16 29 63 64 66 
1 8 9 16 26 35 59 63 1109 
3 23 26 36 41 46 50 53 56 
1 3 11 25 38 48 49 52 521 1627 
5 9 12 26 29 37 38 68 77 1358 
1 2 21 22 28 39 42 54 62 
1 2 5 17 18 26 30 54 70 
1 2 23 26 37 40 47 73 
3 8 10 21 25 30 43 49 50 
1 2 3 4 9 16 48 61 
1 7 14 20 33 45 47 53 1852 
1 2 6 11 19 28 44 55 63 1267 
1 2 7 8 13 38 46 49 56 
2 6 22 27 54 77 78 
1 2 5 12 15 16 27 32 35 
1 2 3 6 16 17 52 53 74 
9 18 22 29 45 47 50 53 77 1199 
2 11 31 32 52 54 64 70 81 
1 2 20 23 54 70 90 1718 
1 2 6 18 64 71 79 318 785 
1 4 12 15 29 30 48 65 71 
8 10 15 21 40 53 87 93 1367 
1 2 20 23 57 67 71 75 670 
1 3 4 5 6 7 29 49 68 2005 
1 17 29 39 68 78 84 85 96 
5 25 28 33 39 40 42 71 95 379 791 1835 
1 3 8 35 50 56 60 69 119 1411 
2 11 14 19 25 47 60 88 95 1276 
1 5 6 9 15 20 64 65 
8 9 27 35 54 66 79 85 88 216 478 
1 8 22 40 46 54 60 82 85 
1 47 54 57 64 82 87 98 100 
2 11 14 15 16 28 29 100 
1 8 11 13 18 22 48 55 69 
1 2 6 15 17 24 60 80 
2 3 4 9 20 32 45 49 102 
1 2 16 29 32 48 59 109 818 
1 2 14 21 23 27 35 108 1104 
2 3 11 25 32 68 69 73 95 
1 2 3 4 5 29 48 88 293 
1 13 26 36 54 59 71 77 101 
1 2 16 19 29 34 55 66 88 
6 13 19 25 54 75 80 88 108 
1 3 12 52 83 85 99 
2 3 11 25 54 87 95 103 117 
1 16 19 25 29 63 85 
11 18 25 48 60 68 86 92 335 
1 3 16 18 41 55 66 89 109 
1 2 11 17 32 66 85 
2 6 9 25 27 31 39 49 101 
6 18 22 26 28 43 68 82 118 552 1121 
6 7 17 25 64 69 88 94 98 1720 
1 2 6 17 59 67 93 100 
1 2 8 12 19 23 101 112 
1 2 8 24 54 55 74 111 1523 
2 7 14 15 28 30 49 59 78 137 403 409 1409 
1 2 6 8 33 42 45 68 84 
3 8 10 14 15 19 22 33 104 
2 6 19 28 38 42 63 71 97 
1 3 5 25 47 78 89 97 121 
1 5 10 29 32 45 60 114 675 
1 15 17 34 47 71 98 100 125 
1 16 18 26 27 29 61 97 438 
2 8 22 45 46 60 61 76 108 
1 3 15 26 51 69 77 93 
9 16 44 66 85 92 101 103 107 
1 2 4 41 49 54 62 107 118 1962 
1 2 3 25 26 34 70 77 88 
1 3 8 10 67 100 101 112 1508 1533 
2 8 15 17 51 52 64 89 96 
3 15 16 18 55 70 75 92 114 1441 
1 2 27 42 46 78 102 118 128 528 724 
1 6 25 58 65 69 104 113 217 
16 19 33 35 70 96 126 145 700 
1 10 18 28 47 55 107 
2 5 22 36 43 45 68 116 137 
6 12 23 25 43 63 83 96 1392 
5 8 9 30 43 111 123 145 685 
5 26 28 66 68 75 92 105 120 
15 20 25 39 72 76 111 129 145 
15 28 31 37 42 47 63 78 106 
1 2 9 18 26 32 35 52 59 1921 
1 2 3 8 9 14 16 40 139 542 
8 11 29 45 52 64 70 87 137 
8 18 25 38 55 66 103 144 153 
1 2 7 28 47 88 105 149 
2 16 35 85 87 88 124 125 147 336 
1 8 19 41 43 86 96 125 
9 26 29 30 47 51 87 109 144 
2 22 45 78 88 97 112 134 139 
20 26 29 37 63 98 123 148 157 496 
1 3 4 25 29 86 145 1148 
1 36 46 59 65 86 100 144 157 
1 17 19 21 43 60 67 83 
12 16 26 49 54 80 92 139 145 843 1655 
1 2 8 10 11 25 33 56 104 
1 2 6 8 16 30 75 92 112 1094 
6 12 28 29 66 80 125 148 170 
2 20 33 54 97 99 114 157 170 
2 3 4 13 23 41 72 81 431 
2 22 67 82 100 102 120 121 170 
4 9 27 33 35 36 111 137 
3 11 26 35 65 69 71 100 116 
6 20 47 56 83 97 105 118 164 
1 6 11 13 26 30 57 80 97 840 
3 6 9 12 35 75 88 114 155 
2 3 37 72 103 133 140 173 178 391 522 
2 25 82 106 123 144 150 178 
3 6 9 26 55 100 127 166 330 
2 8 16 29 64 75 154 170 
2 23 35 40 46 100 101 106 127 1186 
1 4 18 31 40 58 88 171 1843 
1 6 7 15 24 25 26 88 97 
3 8 28 29 51 98 124 126 143 665 
1 24 43 76 77 87 129 168 169 
10 12 17 39 77 79 93 103 126 304 
14 16 37 38 40 47 55 65 139 
3 4 10 38 44 69 78 83 170 
1 2 4 13 40 170 180 182 
39 40 51 56 63 91 133 147 154 
2 8 29 53 99 112 
1 4 9 15 17 64 95 147 170 883 
3 10 22 72 75 89 94 109 170 454 
2 49 52 68 87 104 149 382 1582 
8 22 31 41 43 46 47 102 1841 
7 9 70 72 83 86 95 114 153 591 
2 14 25 26 96 123 139 149 189 
2 12 46 49 72 77 104 118 1414 
16 40 51 83 109 151 153 182 200 522 
2 7 8 11 19 23 54 64 138 
3 28 38 40 54 61 66 78 183 1572 
12 13 31 33 38 51 55 58 152 
1 2 6 12 22 30 44 54 161 670 1640 
1 2 11 29 32 54 68 148 155 192 1532 1946 
1 6 49 54 92 118 120 174 200 
2 5 10 22 53 71 183 193 1041 
2 9 37 72 83 96 115 116 204 637 
1 3 6 8 11 14 136 150 
1 3 35 36 60 93 123 129 183 
1 2 6 10 20 24 25 77 189 
3 5 6 67 73 148 174 183 206 802 
19 29 101 109 148 162 169 170 204 526 
1 6 20 41 46 77 84 88 197 
4 5 7 21 38 42 44 99 183 
6 11 13 25 26 75 89 129 183 1861 
3 6 12 35 92 121 174 202 
8 26 27 41 48 101 169 208 215 1565 
2 15 16 20 61 63 81 193 
1 4 16 19 35 54 112 163 197 
6 15 18 34 35 42 52 178 
1 5 29 71 80 114 132 153 221 
1 20 27 48 92 106 183 184 
1 2 10 19 45 48 89 161 218 388 492 
1 4 9 20 28 29 122 128 139 
1 3 21 54 92 98 227 1046 
7 10 20 30 50 81 133 172 189 
2 3 8 84 111 112 125 171 219 1567 
7 14 22 51 59 104 108 155 220 1361 
23 51 71 88 121 178 188 216 225 
3 9 11 13 27 35 71 102 133 736 
10 14 20 23 40 43 63 70 160 
2 11 16 48 69 90 104 118 126 
1 5 6 10 23 32 33 124 178 
3 58 81 100 118 128 143 161 174 
1 2 16 52 88 96 99 183 
11 13 25 30 89 100 109 209 
2 4 29 43 83 88 112 182 
2 19 54 71 95 187 213 231 233 
2 47 54 57 82 148 163 173 
8 11 16 19 28 39 77 125 240 
15 28 43 52 63 70 75 92 170 1422 
3 5 43 56 123 161 211 227 
1 34 36 47 54 71 76 181 
1 2 3 43 74 106 138 189 221 
4 10 19 29 35 36 86 182 191 669 827 
35 39 55 59 75 78 112 197 213 
12 33 35 64 97 123 128 142 227 1191 
9 35 43 47 57 97 127 166 171 
6 16 42 43 54 85 97 168 233 
25 43 57 63 70 78 106 108 177 
6 22 70 75 83 100 155 225 227 593 1837 
3 4 7 17 43 81 123 135 138 
1 10 15 23 64 80 88 96 174 
6 7 16 17 28 72 101 129 179 
1 16 41 43 51 77 153 189 190 
1 34 37 46 51 101 104 153 250 
1 19 36 53 69 78 110 172 208 
1 8 10 46 77 135 150 154 
1 30 51 98 104 113 131 154 169 1054 
1 53 63 102 109 114 192 249 
23 26 54 67 80 89 156 162 248 1509 
1 2 20 56 102 135 160 202 244 1348 
2 60 63 72 81 109 164 207 208 426 786 
8 25 55 122 124 147 161 214 220 
1 5 17 40 131 161 199 223 
1 11 78 85 86 128 160 219 241 
2 3 8 9 21 150 187 213 268 994 1082 
2 9 16 20 163 180 183 204 224 1745 
1 16 25 54 61 112 127 201 228 
1 72 73 92 161 189 211 227 901 
1 9 17 108 118 144 257 
6 15 16 27 54 76 129 154 231 
7 9 10 35 51 112 183 239 
30 31 50 59 71 112 178 205 224 445 
1 3 4 8 14 35 51 91 127 
6 10 17 97 113 132 188 251 253 
1 2 24 36 57 61 80 92 176 
15 29 69 71 112 134 138 148 264 
2 4 13 16 118 190 225 272 1422 
1 3 32 43 55 63 134 144 277 
2 22 45 54 68 173 176 231 239 
2 5 22 27 48 49 102 123 250 
7 9 10 64 81 84 92 217 223 
1 2 3 55 62 70 80 211 
6 8 9 14 49 88 144 254 279 
7 14 15 44 52 99 161 176 227 
5 16 36 85 105 137 157 159 856 
8 23 86 174 203 219 257 273 288 
2 4 41 51 75 95 116 236 
1 11 18 28 43 108 134 146 277 
1 8 18 53 54 134 149 166 224 
2 35 59 68 141 153 216 259 
1 2 27 37 51 124 128 132 291 1667 
1 8 13 18 40 49 55 174 225 
8 15 49 69 85 136 185 224 281 
2 4 7 14 41 52 67 100 240 
15 17 23 33 92 106 171 278 
18 56 133 148 183 256 258 291 293 
2 14 25 85 108 116 187 207 
1 2 11 50 63 138 184 201 203 
11 33 34 114 116 144 185 286 301 1493 1842 1905 
1 15 16 25 88 95 134 138 161 
6 10 19 61 72 88 160 183 259 1940 
1 2 35 69 70 109 114 127 187 1406 
33 45 55 70 120 153 163 244 279 
2 11 53 54 114 182 204 280 
2 11 15 18 37 78 95 257 
2 8 10 11 78 80 109 180 257 
13 36 48 64 74 83 157 200 293 
1 46 48 61 100 171 298 311 1905 
3 6 54 90 125 129 131 211 293 1463 
7 27 36 71 107 149 237 238 270 
2 3 93 180 191 233 250 301 310 700 
1 2 16 25 37 112 151 230 234 1288 1768 
16 19 22 47 71 84 97 113 190 
1 2 3 22 72 122 147 273 
16 43 63 72 74 96 112 113 189 
6 15 20 61 84 91 151 261 294 
2 3 6 37 63 115 143 273 275 1632 1648 
1 33 47 94 180 197 209 316 
26 35 42 55 88 210 215 304 
5 34 36 54 58 75 92 244 323 
15 19 36 57 70 102 166 196 1169 
2 13 19 104 180 235 261 295 308 
1 2 100 127 138 169 258 269 308 720 
1 18 97 109 124 208 294 295 
17 18 71 75 128 281 299 311 329 1254 
2 8 19 45 70 82 114 263 305 
1 2 6 37 108 135 178 280 303 
2 6 8 9 19 102 120 141 
2 21 63 70 141 146 158 261 264 1816 
1 3 10 73 97 304 314 327 1691 1872 
1 8 18 29 67 81 109 152 328 
15 16 30 145 176 184 220 240 264 
4 8 11 21 46 54 104 258 324 
3 5 104 162 187 269 297 321 1476 
6 10 11 51 52 97 101 137 284 
1 4 16 40 48 111 118 283 314 
1 2 59 73 87 161 170 204 267 1340 
3 12 18 19 41 43 46 63 123 
3 28 52 55 70 97 131 200 295 
2 3 16 43 44 58 73 208 958 1086 
6 27 40 64 148 183 197 258 
54 104 121 143 153 159 255 268 294 
1 3 14 43 87 189 235 246 306 
6 11 29 54 92 95 146 167 196 
5 7 10 45 92 245 331 333 342 
11 17 19 89 134 270 294 324 343 1565 
2 4 27 39 47 87 120 259 1119 
23 66 82 84 109 110 126 150 209 
1 10 36 72 209 270 303 306 338 
17 77 85 95 151 204 272 281 294 
8 16 17 59 163 169 247 283 299 1535 
10 14 36 83 108 138 156 216 235 
1 6 9 22 23 116 155 171 203 702 
3 9 19 38 40 59 259 267 268 
2 13 82 111 150 153 155 177 264 
14 18 45 112 143 240 296 298 302 
7 53 68 107 109 132 186 305 326 
7 9 15 21 26 120 164 233 351 
1 2 17 44 94 129 236 300 1339 
1 23 49 65 75 147 175 177 232 837 1399 
14 15 17 49 107 123 199 249 255 
2 12 13 49 116 243 262 273 
2 7 19 52 64 155 181 200 210 
2 3 21 64 68 72 140 249 1324 
3 46 51 68 74 78 106 258 306 1347 
20 27 37 80 94 109 190 229 300 
1 11 12 16 68 157 188 239 330 1561 1681 1986 
1 7 20 35 130 136 255 265 356 
2 16 26 70 137 255 304 306 
1 3 5 10 13 15 26 152 294 
8 50 54 78 115 248 311 320 370 
1 19 53 159 188 219 240 257 339 
3 7 14 77 124 238 265 290 292 809 1818 
52 61 63 69 80 102 107 238 337 563 611 1884 
2 3 26 62 66 85 87 104 248 1722 
1 11 29 33 45 63 104 123 227 
6 8 29 35 63 112 119 143 270 
1 15 30 51 64 149 154 344 
2 25 50 80 84 148 179 235 350 
8 16 18 25 33 78 92 215 326 846 
54 77 82 123 164 217 326 336 345 
31 85 119 215 270 277 319 326 363 375 
24 58 119 146 149 252 257 287 356 
1 3 16 41 70 105 160 209 241 1744 
2 4 16 33 59 143 157 206 365 
3 20 64 74 132 217 220 329 337 
3 37 182 187 191 259 319 354 383 
7 11 23 35 120 151 232 308 370 
1 6 46 54 184 257 306 312 384 1877 
3 35 38 55 108 204 207 288 312 627 933 
5 7 11 65 95 222 340 366 1183 
13 62 81 102 118 121 124 312 396 
33 85 88 118 233 243 259 284 313 1674 
2 4 7 9 11 79 151 263 294 
3 4 38 43 143 182 235 274 319 
57 99 132 140 240 284 299 361 379 
3 32 35 38 109 110 242 255 349 
34 96 108 146 148 193 236 238 291 1531 1871 
29 56 77 164 193 281 286 328 352 
18 124 132 148 150 279 361 381 397 
1 62 68 92 107 119 121 210 332 1219 
4 8 12 51 54 151 174 255 361 1194 
31 76 85 87 162 163 189 250 324 856 
3 8 43 86 89 97 153 191 317 1236 
6 11 80 126 127 240 264 362 373 
1 2 4 19 147 314 353 
12 32 63 86 97 112 148 272 375 695 
5 9 30 54 82 169 259 341 346 
1 9 28 51 73 101 170 218 283 451 
21 47 58 113 170 191 212 329 387 1858 
4 11 32 63 109 133 200 233 251 
18 95 96 152 239 283 287 314 315 
1 31 58 72 147 204 254 312 1446 
12 47 55 60 71 88 96 164 366 1690 
3 28 40 43 55 70 189 254 259 
4 11 28 84 100 121 143 245 328 
2 11 18 141 145 190 201 244 400 
12 13 18 21 55 175 182 204 265 
1 2 13 29 93 97 113 167 290 
1 14 29 32 45 130 152 166 175 1496 
6 23 61 69 96 141 148 231 526 
11 42 79 85 103 231 308 311 382 
2 24 70 112 118 153 217 302 386 
2 29 48 125 150 187 237 311 
1 4 30 70 115 171 220 366 
2 32 59 74 92 120 229 234 240 
2 8 11 30 31 37 118 166 169 
7 47 73 76 139 176 273 290 316 
2 6 21 36 40 64 96 115 126 
6 25 31 32 54 113 117 333 361 
1 41 44 54 115 274 278 283 324 1255 
2 5 6 33 67 174 202 279 405 
2 20 28 82 88 89 265 370 398 
14 15 18 31 40 73 116 322 335 
3 108 178 179 185 192 255 332 386 
2 33 55 73 89 127 190 203 220 
4 8 28 42 76 154 155 266 300 
1 17 46 59 67 86 101 311 333 2045 
3 11 46 54 124 125 129 141 301 
2 6 20 22 53 75 171 294 296 719 750 
1 159 179 205 216 305 402 
2 7 46 73 191 259 310 421 436 
23 37 152 164 202 239 267 322 387 
10 25 82 171 255 260 272 342 385 
2 3 21 75 197 199 244 255 308 
10 14 60 93 180 189 249 293 401 1005 
1 16 17 33 46 221 242 267 271 
6 28 35 77 118 153 180 283 352 
41 89 100 121 147 258 328 410 441 
16 18 22 49 61 198 204 238 
7 22 42 65 69 109 132 171 1558 
19 31 54 59 89 154 171 174 312 
1 8 76 80 116 205 351 362 425 
12 20 47 48 57 74 92 119 138 1547 
1 11 18 88 93 226 278 356 401 
2 55 61 70 99 102 114 165 184 1602 
4 56 59 101 120 160 307 393 439 1644 
21 108 121 131 141 181 236 299 379 
2 8 18 20 110 159 216 257 267 
20 29 37 89 132 189 212 256 290 
1 7 8 82 85 116 178 210 238 1521 
3 4 19 32 105 187 249 321 935 1065 
27 62 68 155 163 270 350 416 445 997 
2 16 53 193 328 360 365 426 459 
3 5 16 23 29 37 50 110 385 
11 29 66 100 106 150 414 440 499 1732 
1 15 19 29 43 118 121 268 317 495 
96 151 181 250 271 272 293 381 431 
12 17 107 115 167 241 330 387 417 
85 130 207 268 346 362 376 446 1431 1813 
1 16 23 24 37 47 50 79 
3 78 89 140 150 176 223 360 407 
1 21 29 112 126 153 405 426 427 
2 3 18 49 71 111 114 352 357 
2 35 69 73 153 185 188 229 472 
3 32 80 134 150 171 244 356 410 
3 6 25 85 96 146 326 372 462 1106 
1 2 15 23 29 47 70 139 212 
6 23 28 85 94 96 248 356 368 
63 78 120 180 251 371 387 481 484 
18 111 198 221 231 244 256 272 889 
1 12 19 46 109 150 274 303 352 
2 15 26 54 59 97 146 249 406 
19 27 55 85 218 222 239 367 447 
8 21 97 100 193 215 242 329 346 1450 
7 18 21 35 106 115 199 276 344 408 
9 10 62 88 114 124 281 296 447 
35 95 219 284 306 311 326 363 376 1058 
1 8 57 60 88 124 255 269 400 661 
2 25 97 145 241 307 371 407 
2 106 118 184 219 401 469 471 
14 19 67 81 232 249 287 348 483 810 
17 100 117 146 227 294 333 397 443 
2 6 25 73 107 135 316 337 497 1664 
7 19 91 114 157 216 284 333 473 
5 35 43 46 56 92 193 259 372 
1 8 16 109 139 193 318 353 
7 9 28 159 165 169 219 221 265 
4 26 65 208 228 330 382 440 481 1833 
18 55 57 59 159 213 224 261 329 1004 
2 8 21 32 47 79 81 149 357 
5 36 88 97 174 408 432 498 830 
12 14 23 51 82 101 397 403 420 1124 
3 5 97 130 171 204 323 386 446 
1 2 3 340 342 349 426 427 431 1195 
1 35 49 60 69 119 162 304 346 
6 8 15 25 75 206 291 346 439 1725 
17 20 51 54 82 110 120 220 270 
8 111 167 208 269 331 386 410 509 
2 4 13 18 61 82 259 391 405 
43 45 154 175 270 274 454 460 480 
5 20 129 132 198 269 283 333 468 
1 4 165 182 263 265 354 355 505 
3 6 9 12 155 256 264 306 391 869 
21 33 96 171 219 253 360 438 501 
8 31 47 123 180 183 241 299 505 641 
7 8 37 41 55 77 131 279 297 1770 
1 2 14 39 54 207 221 427 458 
6 25 68 86 88 170 227 398 449 
1 2 43 77 288 387 424 504 513 
1 16 24 56 83 126 308 440 494 
1 26 48 59 214 220 293 440 457 
2 7 63 80 97 109 128 286 471 1283 
2 8 17 28 43 73 101 174 183 2005 
11 18 39 53 54 63 169 244 245 
3 7 24 58 79 256 354 479 520 
31 40 46 61 154 256 328 364 414 1264 
12 14 17 45 88 132 365 487 513 
17 28 49 52 54 88 100 110 176 650 2038 
1 29 115 150 152 250 432 446 1078 1988 
1 16 219 224 272 385 405 449 483 1603 
4 26 94 225 273 317 346 347 510 
1 14 85 112 163 170 207 396 507 
45 46 48 95 125 173 309 428 502 1646 
12 13 26 54 108 204 268 392 477 
2 27 32 67 106 148 188 205 320 1121 
6 56 85 184 189 220 307 516 521 1856 
25 70 93 103 177 182 376 495 515 
1 9 43 52 118 168 207 284 436 1025 
1 18 49 70 104 143 173 212 502 
45 68 131 194 201 209 227 273 450 
1 77 85 94 250 290 415 431 449 
9 11 34 44 52 91 208 330 538 
2 22 38 80 296 355 439 454 
3 8 17 28 141 239 262 266 514 
6 101 140 155 182 220 258 283 485 
2 19 65 97 143 239 270 510 854 
16 17 56 85 99 156 207 482 523 
1 2 6 77 164 171 223 407 472 
26 31 65 112 145 395 422 485 492 
15 29 35 78 105 109 112 260 425 
31 36 47 75 87 143 234 285 475 
1 12 54 67 106 154 243 312 
2 8 16 26 122 235 479 
23 78 87 153 164 172 259 288 313 1628 
2 3 5 80 93 97 221 495 500 
10 15 21 84 146 193 387 401 416 
42 70 120 193 197 271 284 350 351 
19 35 77 109 125 176 272 448 508 903 1637 1856 
14 32 48 224 234 283 332 376 536 
2 3 17 102 230 239 291 374 
17 32 77 268 272 346 505 507 565 
4 11 16 25 68 148 208 255 330 1330 
8 17 69 84 119 256 331 483 
1 2 15 52 54 111 159 449 525 865 
3 21 46 203 241 270 295 366 542 
2 7 128 242 264 342 350 472 554 1334 
6 8 17 249 263 277 314 437 487 623 824 
3 29 36 85 104 187 266 269 502 
1 29 32 222 301 314 377 396 502 
29 52 100 122 142 153 192 454 537 
3 29 35 60 226 254 304 315 547 
1 63 80 104 165 174 284 503 1598 
32 169 209 210 360 401 435 491 504 
1 9 15 24 45 64 167 243 272 892 
13 54 56 63 90 130 288 385 564 
14 35 89 166 276 318 324 358 384 516 
1 32 52 88 170 313 317 411 
6 10 87 97 111 198 245 339 
17 24 56 108 233 318 521 566 569 823 1356 
8 25 27 28 78 94 107 144 462 1975 
11 17 29 36 192 273 332 383 403 
9 20 38 63 71 100 150 224 513 610 
137 186 296 315 406 433 459 506 563 
16 21 22 59 70 199 227 462 579 
2 6 64 132 260 266 271 282 455 
2 30 63 66 112 213 325 342 517 
2 10 46 188 202 213 267 477 588 
8 14 16 44 54 175 326 330 368 
16 36 84 89 96 158 162 251 393 1887 
59 72 102 116 125 133 261 336 515 
19 77 94 134 302 311 394 451 543 
2 3 33 69 249 293 471 516 548 789 
2 153 164 167 202 249 336 473 514 
2 4 20 92 223 281 349 383 549 
13 55 89 112 119 330 382 498 588 
2 16 20 28 47 73 77 161 574 
5 15 46 71 326 329 368 448 491 
15 19 22 96 202 244 312 364 519 
1 11 13 26 46 134 138 362 428 740 1437 
3 9 23 123 237 268 270 425 534 
28 38 106 202 212 347 484 485 495 
7 29 31 46 144 297 361 462 527 
2 85 104 192 242 255 256 403 556 615 
3 22 49 56 153 201 347 357 501 1883 
6 66 110 139 259 380 542 594 600 
2 3 6 14 16 28 87 393 601 798 
2 12 110 153 248 343 510 599 
8 16 46 71 72 82 158 242 247 
8 22 35 75 129 268 291 346 489 
6 14 73 131 223 303 350 401 
2 12 127 153 166 185 286 440 600 
1 58 75 83 153 400 489 544 582 
1 2 22 154 381 438 444 465 575 
3 18 69 71 75 144 227 256 328 
123 135 158 206 339 467 516 589 607 
18 23 29 36 96 116 286 456 517 851 
2 21 109 208 324 378 395 409 434 
2 75 88 176 291 424 496 555 
37 70 96 269 271 421 468 1866 
1 2 11 26 32 97 198 202 246 
19 29 113 135 148 188 234 385 581 
6 14 21 34 65 101 188 270 619 1277 
14 23 72 191 283 302 335 385 418 1397 
2 82 125 128 141 197 232 238 540 853 
26 88 171 277 330 344 402 453 
1 19 21 137 152 246 307 415 454 
1 5 55 69 126 325 346 475 563 1084 2040 
28 46 96 114 157 158 294 438 443 
2 137 173 239 284 337 381 497 520 1761 1900 
3 6 125 357 360 377 516 536 591 
3 6 41 92 99 110 340 388 467 
1 2 14 44 88 317 400 535 600 1008 
49 71 151 166 177 226 395 471 516 
1 3 102 116 227 231 480 543 621 
2 16 80 84 225 449 566 572 
1 4 11 23 48 63 211 343 574 
1 9 29 43 61 122 387 398 467 1427 1598 1944 
1 16 20 54 100 108 128 284 
3 18 21 44 85 193 368 524 533 
4 19 46 305 308 395 435 529 554 
21 75 134 244 273 313 422 517 618 
2 6 21 29 43 301 373 375 595 
13 19 101 132 241 344 410 449 509 
2 16 17 78 119 280 383 426 636 
2 11 94 254 314 357 515 577 590 
19 118 141 142 146 183 216 293 582 1551 1765 
1 20 21 40 56 84 319 418 1348 
1 23 31 46 240 430 489 554 631 1939 
64 117 137 347 361 371 399 440 515 843 
1 2 5 168 403 424 453 483 549 
1 4 7 62 110 120 215 460 639 
1 8 12 54 121 202 243 385 
16 48 58 300 363 366 370 416 430 
1 24 29 88 95 235 275 328 1679 
29 31 68 92 385 407 466 470 564 
1 28 89 128 158 204 227 242 
2 25 55 60 87 227 366 487 526 
1 11 65 76 96 101 302 396 406 
7 16 30 71 93 354 385 491 
10 11 42 55 105 197 282 413 429 
1 15 261 265 328 393 431 588 650 
1 2 12 24 69 82 292 658 1980 
1 2 18 45 161 295 460 
16 20 25 85 88 150 340 612 640 1084 
16 68 78 152 281 322 340 429 670 
89 120 148 231 257 344 495 589 
1 2 52 111 146 174 231 405 439 
3 6 41 44 157 205 328 577 594 
2 16 32 44 118 264 437 473 640 1146 1780 
1 11 30 165 249 438 478 497 634 
19 54 84 170 213 234 274 277 636 
12 15 24 52 110 119 210 250 257 
14 28 88 240 275 380 393 471 511 1917 
2 5 7 259 289 432 461 474 632 
2 13 40 41 329 366 418 448 465 
3 16 19 20 112 143 171 654 658 1490 
1 35 140 163 317 321 352 473 553 
1 2 49 52 55 326 358 409 674 
16 56 120 170 376 398 529 569 662 
25 49 102 263 491 509 603 625 663 1449 
2 15 66 97 99 102 114 269 306 
1 39 54 56 89 93 468 555 724 
16 109 167 268 272 548 1917 
1 2 8 19 85 185 242 519 666 
16 46 96 97 148 171 328 586 633 700 
1 13 46 91 100 206 247 537 612 
9 32 145 161 163 263 273 532 622 
10 16 30 39 122 406 420 465 548 
67 115 123 198 212 238 296 516 629 
1 5 6 80 404 415 502 535 655 
3 46 100 105 446 459 550 558 575 605 1063 
1 15 150 363 396 436 438 645 674 
8 42 63 100 259 375 478 493 630 640 1146 
5 48 54 61 146 345 369 445 589 
3 16 18 154 175 231 529 662 677 
14 38 145 177 206 208 272 330 452 
2 53 60 163 205 297 306 316 690 
6 19 32 143 180 197 236 268 339 
9 85 154 161 179 219 451 526 577 1272 1581 
2 3 22 41 52 92 199 397 515 1603 2027 
17 48 106 121 261 285 294 338 370 620 1389 
2 3 21 166 168 217 231 487 1111 1568 
7 10 17 29 82 88 132 478 489 
18 41 61 180 211 419 509 550 662 
1 6 13 45 48 70 111 189 571 
120 130 250 284 307 327 335 346 709 1472 
17 28 81 120 129 335 476 582 620 
1 2 80 82 92 93 343 444 470 
5 21 88 97 224 307 326 424 539 2010 
19 29 147 170 198 247 442 579 686 
2 12 14 35 182 211 491 600 608 651 
1 2 10 38 97 220 546 570 
2 8 16 82 96 462 657 698 701 1506 
1 13 138 162 230 280 307 589 657 1104 
8 11 12 18 89 171 237 255 326 
4 30 139 189 195 269 280 387 578 
3 12 60 92 138 157 185 455 671 
25 68 92 258 271 385 439 587 685 1527 
1 2 22 53 298 429 548 549 604 643 
19 225 243 380 418 425 446 492 655 1994 
2 5 18 36 174 227 288 296 617 1963 
25 47 308 317 320 411 433 517 667 
3 16 212 404 443 554 618 639 709 
21 53 68 159 192 475 519 575 577 
2 4 14 43 202 385 454 666 688 1496 
1 15 16 18 24 99 100 109 264 
2 21 63 231 250 387 462 498 882 
4 56 62 81 179 218 276 404 484 
1 16 19 54 71 119 307 672 716 1768 1992 
2 9 19 56 60 72 78 124 220 1034 1691 
15 25 61 115 206 221 260 273 650 
15 46 58 64 91 179 256 593 675 1469 1521 
16 141 149 170 259 290 407 412 623 
12 20 27 53 217 232 248 446 531 1698 
61 131 174 265 291 294 411 493 656 
3 100 101 159 549 550 582 691 698 
2 3 6 12 65 269 281 387 582 724 
191 262 293 360 365 489 513 664 678 
1 153 227 235 237 249 259 339 743 
2 20 30 212 436 501 654 692 716 995 2007 
8 16 95 113 125 164 290 746 
83 181 192 202 211 296 333 345 542 
1 29 53 73 197 345 449 534 643 706 
3 68 87 118 158 409 490 564 632 1504 2027 
3 74 84 92 277 328 469 722 735 1920 
9 14 32 64 80 88 167 168 198 
4 15 228 240 260 348 503 642 747 
46 55 83 268 346 354 441 649 677 
2 35 56 98 286 459 460 611 641 984 1106 
2 52 54 184 291 392 432 585 669 806 
1 3 46 104 121 139 145 171 528 
2 22 75 257 293 405 443 460 512 
18 20 92 128 138 171 291 351 717 
1 2 123 268 456 
6 16 33 88 97 99 125 230 708 
8 89 97 184 421 428 474 539 639 
1 7 205 333 395 398 405 677 692 
1 13 49 52 145 151 255 333 702 2025 
2 25 50 107 144 190 206 382 603 1042 
10 48 151 158 273 440 646 714 
1 22 111 114 118 157 172 205 496 
6 11 36 124 239 294 376 393 430 
1 30 63 64 185 239 457 486 685 1241 1290 1341 
1 11 81 264 439 481 571 669 731 2048 
165 293 314 369 494 559 591 638 701 
57 75 128 311 324 373 547 593 695 1191 
9 46 106 138 351 398 448 600 711 1372 1620 
1 4 61 112 319 378 533 568 594 1752 
4 33 41 150 197 204 257 300 419 
1 6 9 26 45 126 249 258 
45 56 78 89 98 327 463 532 681 
17 29 32 44 94 169 426 563 761 1812 
1 52 100 183 279 326 372 424 639 1311 1664 
1 2 14 118 229 240 343 500 560 
1 5 8 33 95 183 369 449 541 
6 8 29 63 134 159 168 566 722 
15 18 36 50 54 109 146 419 435 
1 5 6 15 60 151 268 397 530 
2 15 18 33 88 100 324 516 754 
1 5 113 174 277 328 511 638 762 
112 184 355 366 368 398 422 525 697 
18 23 54 109 121 417 498 517 629 
1 17 23 32 56 94 259 381 422 
55 75 139 145 182 217 235 473 760 1374 1889 2034 
60 142 193 232 319 365 516 598 636 
1 5 9 83 112 164 280 408 659 1080 1660 
3 25 26 33 38 80 482 547 778 1475 
101 109 183 237 339 431 521 649 
1 2 8 225 309 570 624 629 1362 
3 7 16 44 70 249 337 707 768 
2 28 132 251 423 437 487 526 710 
146 183 184 202 310 327 492 507 519 
1 15 55 207 320 492 630 747 
6 75 169 226 238 514 527 551 788 958 
33 61 346 457 474 541 633 685 733 
51 55 72 89 118 233 241 319 697 
80 193 264 273 347 361 462 747 797 
4 5 40 75 100 319 351 625 762 
2 15 16 28 260 341 527 717 
1 32 123 185 249 259 381 444 492 
10 12 79 89 93 157 242 412 711 
20 23 26 207 299 312 530 577 758 
6 19 23 59 312 359 410 472 539 
36 61 139 173 235 342 412 509 582 1335 1606 
2 34 81 277 390 427 561 782 915 
1 2 7 36 159 190 202 481 662 1802 
1 12 29 31 42 49 84 438 558 1090 
12 30 54 174 214 220 244 357 614 
52 61 67 92 138 186 193 491 526 
16 19 20 23 32 90 153 184 681 
1 16 97 124 350 416 499 588 751 
1 8 128 205 215 371 657 683 812 
4 16 19 36 85 107 136 281 643 
4 6 22 35 183 208 561 595 775 
16 52 73 80 229 239 329 332 558 
11 30 94 98 149 204 453 612 763 
1 25 82 144 194 249 365 580 582 
55 153 157 315 378 399 625 755 1309 
1 2 88 114 144 220 272 445 545 
29 97 106 110 305 327 404 479 663 1438 
70 122 206 212 485 593 619 705 826 1474 
3 24 29 67 68 279 411 460 1233 1293 
2 9 31 47 54 165 240 260 654 
1 9 41 47 71 426 443 638 751 
1 2 23 83 88 93 170 196 510 1759 
6 43 79 93 119 169 570 571 776 
19 35 123 125 188 220 443 489 832 1076 
14 16 18 54 60 146 184 244 640 1884 
8 10 14 15 102 188 225 439 475 
22 58 102 220 293 348 421 516 697 
1 15 43 55 56 327 546 659 811 
17 69 138 216 297 337 368 516 725 
16 105 114 158 189 269 432 595 610 1858 
1 11 101 144 234 361 390 781 833 1867 
26 32 36 88 125 216 335 441 602 1744 
27 95 96 109 207 270 358 485 772 1339 
6 55 60 120 126 209 213 361 686 
1 7 111 179 210 212 273 396 534 
6 18 44 169 243 311 422 678 759 
4 8 37 53 55 151 241 278 633 
16 131 211 226 269 328 535 538 844 1075 1363 
1 5 6 53 153 177 321 425 817 
31 90 202 247 299 543 580 641 717 
31 42 75 84 92 114 158 161 603 
1 8 28 92 97 164 181 543 777 1932 
1 3 8 15 30 40 206 588 839 
55 109 143 204 301 385 397 815 833 
1 8 102 143 352 366 519 562 640 
1 4 9 54 107 171 473 609 796 1638 
51 201 256 299 390 441 453 602 683 
20 33 94 130 141 547 692 765 819 1290 
29 73 104 152 158 299 424 517 584 
1 2 7 12 111 529 586 705 825 
3 21 22 25 189 448 479 573 831 1161 
29 75 80 119 526 586 608 656 751 1020 
11 27 40 45 102 216 351 519 525 
2 7 44 92 215 284 323 331 383 
28 61 89 101 244 259 435 733 826 
5 41 128 136 294 311 334 606 750 1630 
16 88 167 175 182 525 616 666 822 
4 13 53 56 191 210 316 469 732 1407 
1 2 8 11 19 127 284 634 843 
2 5 12 29 148 183 355 514 630 
5 11 27 82 97 108 257 676 860 1853 
4 50 55 63 137 289 595 614 
1 11 130 253 344 439 501 702 1996 
10 32 146 205 365 381 395 458 
1 3 16 55 56 190 544 628 745 854 1386 
243 284 320 373 402 562 609 618 743 
15 110 189 422 475 580 583 646 745 
3 19 54 86 341 401 472 590 641 
8 16 97 332 413 597 678 704 
1 2 3 16 489 680 742 747 754 1340 
1 170 259 263 375 530 550 667 695 
6 10 27 81 83 250 283 622 788 
1 10 11 19 109 191 459 714 756 
19 152 156 226 314 666 688 759 871 
8 23 269 308 449 504 507 671 679 1187 
6 14 15 56 85 261 269 502 717 
1 28 29 77 110 212 432 790 1420 
13 113 115 121 211 268 319 402 663 1786 
7 46 47 59 61 197 332 419 769 992 1088 
9 103 164 363 589 627 629 860 
1 11 14 150 256 278 316 418 583 
1 3 9 39 43 310 477 481 
4 46 67 75 80 133 224 732 
1 12 35 132 145 238 520 633 1447 
19 28 86 119 428 667 762 788 834 
48 367 384 405 491 604 743 767 805 
2 102 155 183 284 504 613 804 890 1350 
5 18 45 116 140 284 497 836 849 1538 1928 
3 12 68 70 78 82 258 276 404 
12 39 43 52 56 90 164 334 701 763 1263 
1 22 53 104 371 584 625 659 729 
160 176 205 259 302 324 464 585 768 1952 
2 30 137 138 176 177 198 294 583 
2 3 19 29 205 246 385 612 773 
2 126 135 140 195 291 636 640 695 773 
5 11 37 100 103 154 345 796 815 1731 
4 8 32 55 255 365 459 569 903 1961 
1 3 16 109 308 533 547 729 838 
1 25 108 207 234 307 373 434 662 1024 1162 1607 
14 29 32 41 227 366 429 547 580 1603 
16 57 60 124 125 295 427 524 818 
7 17 112 172 297 472 498 602 905 1144 
2 39 51 63 67 505 715 810 867 
5 14 29 54 58 234 240 418 868 
15 18 63 192 238 242 246 540 627 
3 21 27 34 115 182 195 273 296 1118 1474 
11 29 36 134 282 401 510 776 810 1791 
4 38 63 95 112 177 254 258 371 
3 29 123 161 214 285 493 609 891 
61 91 167 244 274 346 392 624 747 
30 46 112 134 259 293 389 630 694 
8 29 45 77 92 443 554 718 819 
4 6 19 30 70 123 553 686 731 1154 1922 
1 191 240 241 471 599 722 803 836 1364 
1 13 35 81 163 193 252 272 383 
2 164 262 285 297 401 486 602 765 
2 14 118 149 414 583 620 694 
66 114 350 365 369 438 454 495 582 
16 74 109 345 374 541 543 650 747 
4 17 242 272 307 338 364 539 800 
75 81 113 115 255 355 376 397 751 1478 
9 35 141 176 202 209 271 382 789 1080 1883 
6 16 17 51 168 234 545 617 910 
20 148 182 200 227 266 401 434 488 
11 38 80 211 298 342 548 707 777 
195 391 569 582 586 710 741 751 876 
36 53 114 284 297 320 514 579 850 1932 
1 44 79 81 104 148 306 594 848 
1 3 19 29 54 297 403 424 439 
1 2 14 25 232 235 451 506 938 
56 61 311 449 472 572 642 684 706 1703 
15 55 87 312 322 352 393 401 503 699 
5 14 50 73 82 243 359 541 746 
1 3 45 63 260 268 374 644 933 1346 1401 
1 8 16 18 19 238 451 477 766 
5 43 178 216 491 513 681 832 944 
1 2 76 153 193 225 288 340 477 1146 
8 28 121 187 216 245 333 486 550 566 
17 78 95 109 150 159 415 559 1259 
23 59 92 101 172 233 582 622 784 
1 10 107 224 510 535 679 800 842 
16 20 48 201 227 478 548 691 745 1739 
12 18 98 108 232 345 606 719 815 1853 
10 55 82 94 254 303 321 617 843 
20 36 77 90 276 287 662 784 820 
90 102 167 179 523 635 652 680 785 984 
3 9 139 145 211 316 402 434 747 
1 26 426 551 613 617 683 731 956 1310 
41 62 107 212 289 327 333 415 785 
1 89 92 109 250 324 526 762 853 
1 4 43 127 163 379 605 874 933 
1 54 110 160 168 173 461 468 529 1376 
3 4 6 25 65 72 93 598 724 
169 181 537 726 761 836 863 908 962 
1 2 15 71 144 193 336 475 628 
39 45 52 162 239 250 345 419 847 
2 16 19 54 92 280 298 454 559 
2 9 17 108 114 266 429 468 577 919 1060 
16 99 192 193 233 290 304 671 685 1555 
9 23 49 142 202 308 454 477 951 
27 55 78 88 287 312 655 667 781 
21 57 111 129 328 428 515 536 748 
7 53 91 139 238 299 383 398 483 1432 
1 231 251 312 415 475 573 849 938 
23 46 117 145 210 217 250 262 290 
101 159 179 260 294 324 484 544 910 1851 
4 23 33 64 165 274 278 425 608 
2 35 88 381 416 490 623 922 
3 144 149 438 452 485 545 766 828 
2 10 161 166 170 272 335 400 975 
1 29 38 165 340 432 677 735 753 
20 36 94 114 226 269 272 348 904 
3 75 81 339 349 435 599 654 835 1161 1848 
2 3 56 101 207 249 588 732 918 
8 75 144 147 268 723 750 761 845 
2 25 339 353 457 463 474 885 928 1477 1742 
1 6 28 108 215 371 589 757 879 
6 134 162 182 247 267 377 422 
1 19 24 40 49 129 206 293 520 930 
23 41 56 74 156 611 629 647 798 
8 17 91 211 433 502 535 715 732 
1 97 248 427 470 491 619 764 791 1694 
14 48 59 103 206 343 346 440 961 
1 2 16 52 130 139 290 638 880 2021 
20 21 113 157 173 206 300 327 691 
1 19 29 107 138 145 171 295 315 
40 143 164 242 253 261 471 624 863 1428 
2 31 148 469 490 557 847 960 965 1778 
11 35 281 335 372 624 836 848 900 
14 17 38 95 145 180 272 296 749 1140 
60 112 127 150 240 747 880 997 2030 
17 29 64 156 167 193 557 564 626 
90 129 132 153 314 377 533 723 730 1572 1827 
5 56 59 101 116 378 464 484 723 
3 8 12 55 69 443 553 617 641 
1 3 8 100 137 293 567 875 
18 25 172 208 220 252 467 823 885 
14 15 70 83 358 467 506 801 850 
1 13 67 111 166 494 764 768 810 
2 8 65 161 178 432 848 849 978 1282 
2 42 116 129 157 254 255 271 310 
4 21 43 45 422 466 512 838 914 
1 5 13 73 224 227 295 364 800 
178 249 330 432 439 455 614 809 823 
6 53 94 167 185 275 408 569 680 
46 65 85 296 330 501 564 628 854 2004 
7 164 268 280 375 476 686 717 978 
1 15 97 360 412 428 627 780 895 
6 8 70 132 330 491 503 626 833 
2 15 181 211 309 447 671 716 806 
12 33 178 192 225 528 593 731 782 
2 75 137 302 342 393 410 728 761 2032 
26 46 163 255 279 299 365 547 946 1394 
62 95 312 319 364 382 502 613 629 965 
1 146 163 184 376 691 814 933 1006 1602 
3 46 75 114 241 441 601 966 989 1887 
25 87 162 200 273 385 662 765 998 
1 2 93 112 234 298 671 881 959 1024 
1 13 15 19 50 85 88 146 403 744 798 
1 4 16 244 294 440 791 821 
1 174 189 209 233 281 467 844 875 
1 77 114 423 582 589 678 966 
3 12 24 27 169 355 527 793 951 1916 
15 107 150 227 244 255 681 870 996 1745 
6 27 30 51 63 100 238 376 843 
163 177 254 255 335 367 387 428 539 
2 18 76 110 220 290 405 615 693 
6 80 104 145 400 422 615 647 733 1859 
15 20 39 259 302 310 725 774 790 1471 
67 86 142 157 421 558 599 983 987 1077 
1 6 7 73 84 110 113 140 824 1502 1758 
72 135 151 217 272 313 649 798 911 1308 1631 1896 
12 100 128 174 395 482 525 594 653 
20 39 82 106 157 381 468 605 652 
8 24 98 146 321 388 420 443 494 1513 1822 
6 8 119 336 355 410 801 954 958 
4 89 111 143 168 495 586 1017 1038 1586 1877 
12 83 145 226 255 454 808 839 882 
1 2 175 189 259 631 688 700 883 
49 128 154 175 281 399 400 573 1030 
1 11 29 33 51 177 256 655 860 
24 77 96 602 614 666 691 858 885 
1 6 8 18 104 112 117 685 845 2033 
1 40 67 193 296 482 504 695 731 
54 88 207 390 561 636 728 785 787 
1 72 82 130 141 160 241 299 626 
1 25 78 166 339 573 602 781 1036 
8 105 111 225 297 386 471 491 1001 1591 
2 121 125 135 280 385 645 690 915 
4 14 55 162 307 796 806 875 998 
52 54 377 549 666 848 866 1017 1031 1848 
53 94 134 256 353 431 565 618 976 
1 132 150 300 379 397 464 478 581 
16 48 63 284 457 665 667 747 846 
1 11 61 81 125 302 412 2026 
80 97 213 237 242 479 1004 1660 
26 59 151 182 285 329 339 595 848 
2 12 320 395 443 506 782 1000 1044 1887 
107 133 165 352 417 553 597 632 988 1402 
8 14 38 121 314 441 463 492 1016 1736 
8 29 39 86 106 540 748 788 914 1231 1600 
3 27 54 151 197 363 582 713 792 
1 101 136 181 312 477 491 530 728 
1 8 11 125 258 325 502 510 666 
28 43 54 87 138 261 326 393 874 2018 
1 5 149 190 238 438 905 921 1049 
1 7 79 147 345 452 457 558 935 1334 
3 40 63 79 88 176 275 286 974 1849 
205 232 240 369 394 407 447 671 1008 
2 26 54 92 403 493 555 998 1007 2038 
1 12 63 70 141 230 566 600 623 1178 1376 
8 63 142 181 202 284 357 383 833 870 1659 
29 47 177 281 361 424 627 691 936 
194 247 372 447 521 586 625 751 1041 
32 61 79 178 361 381 488 556 1057 
44 100 214 279 472 645 699 728 765 
1 3 11 45 63 365 461 875 1062 
1 2 8 209 307 346 491 762 
2 24 46 147 265 370 555 569 678 
1 2 43 53 63 239 535 961 
4 5 12 21 26 55 597 638 707 1728 1920 
3 89 268 278 281 401 581 703 1046 1972 
57 77 112 169 181 331 436 507 698 
1 31 54 121 132 134 249 426 595 
11 95 111 217 603 682 970 994 1019 
13 156 246 268 279 698 734 946 1039 1063 
17 43 118 556 725 744 844 942 1077 1688 
1 2 12 334 410 484 810 988 1532 
1 19 24 298 455 582 662 732 842 
17 116 212 354 512 701 837 975 1045 
1 23 109 141 225 250 389 611 839 
33 44 631 665 758 873 915 935 1064 
97 173 243 328 407 412 650 657 1040 
1 26 120 275 426 436 773 994 
64 367 563 693 727 899 911 942 1021 
12 28 29 42 176 205 257 505 700 
82 177 178 224 463 683 897 1014 1033 1352 
2 17 43 48 97 126 332 639 785 1564 
86 108 147 165 258 417 570 822 827 
17 68 97 166 224 272 342 670 803 1057 
39 72 110 438 490 597 801 961 1085 
5 9 31 43 255 442 782 832 1017 
20 75 214 454 457 627 787 793 948 
10 30 51 114 127 173 378 392 808 
1 3 35 36 81 210 249 535 748 
1 2 146 176 217 542 653 695 899 
12 18 23 25 75 77 107 416 809 1086 
1 112 177 510 515 613 662 773 922 1471 
7 10 22 123 463 565 725 728 1045 
18 114 286 429 463 847 907 1028 1045 
97 138 363 439 471 499 716 870 892 958 
31 65 170 220 241 489 649 711 823 882 
1 45 130 371 737 790 941 1066 1990 
13 32 174 293 339 692 701 769 818 
14 15 18 61 161 168 198 615 633 1355 
2 56 120 422 720 794 847 924 1004 
3 29 35 68 457 480 588 624 1059 
11 55 268 282 291 481 562 978 
77 84 124 263 548 594 692 773 912 
1 6 42 44 53 250 863 949 
3 82 108 218 246 594 679 748 1017 1735 
45 81 124 199 293 312 412 554 1116 
2 8 150 320 346 476 716 818 877 1168 1999 
5 21 89 342 354 623 751 821 1113 
44 92 269 283 419 527 582 748 
2 3 20 73 93 110 158 224 1014 
10 61 113 125 405 475 747 756 1002 
10 55 82 109 227 480 597 764 990 
1 138 320 407 595 756 796 933 999 1604 
1 85 88 112 339 403 527 923 1025 1123 
13 89 442 476 929 1006 1009 1062 1136 1641 
17 64 70 75 315 365 459 577 
2 20 23 52 87 440 454 498 695 
1 2 6 13 25 567 669 686 905 
1 2 20 205 568 611 694 772 989 2020 
2 63 102 215 259 446 904 1136 1143 1464 
2 12 39 120 502 683 732 790 1745 
6 15 23 114 254 304 666 828 1087 1923 
2 20 132 137 367 492 941 1054 1093 1325 
16 21 51 77 270 503 718 967 1086 
1 9 35 37 39 140 205 388 559 
1 16 210 212 696 719 881 908 1075 1168 
8 20 122 183 387 432 887 956 1039 1480 
1 29 177 189 317 386 470 473 704 1929 
5 63 325 782 787 863 895 1048 1096 1456 
1 2 99 106 627 651 698 766 1092 
23 45 54 102 106 150 210 635 800 
7 48 80 164 242 281 526 596 960 
6 9 17 23 72 92 101 387 763 
30 111 131 479 533 580 877 1048 1288 
1 28 182 311 530 677 695 713 897 
5 8 10 119 295 321 612 1051 1065 1677 
2 45 79 195 267 298 380 849 933 
59 143 172 315 463 475 486 818 1099 
1 2 58 90 108 245 270 668 943 
2 7 627 664 812 838 865 1021 1072 
46 190 292 369 540 633 802 840 1125 
1 2 30 118 170 345 378 474 724 
12 13 45 88 403 728 978 1041 1149 1276 
38 40 133 237 332 354 448 577 1077 
113 195 303 497 587 754 758 979 1017 1631 
21 78 104 138 512 517 736 806 864 
6 9 165 219 236 282 745 915 968 
1 16 23 71 80 159 374 577 982 992 
108 135 188 351 405 551 656 1064 
107 114 155 172 186 210 422 569 653 
9 31 167 168 263 504 768 793 993 
2 6 28 33 130 163 350 742 861 
2 151 259 362 537 724 837 956 1144 1982 1985 
47 87 161 249 519 650 671 704 835 
17 33 46 71 285 450 756 845 890 
47 167 173 201 603 655 922 1104 1141 
1 21 22 42 89 315 504 519 783 
2 3 19 23 45 219 372 543 1132 
1 84 222 249 670 750 792 846 1076 1672 
13 132 142 219 293 502 627 691 1008 1480 
8 42 58 141 172 176 177 677 1131 
2 6 8 152 185 220 246 369 552 1888 
15 47 75 147 169 412 545 652 953 
3 6 53 80 258 309 626 798 
25 293 314 428 662 669 896 947 948 1108 
1 6 9 115 188 388 777 1123 1157 
7 92 179 501 638 721 834 1023 1120 1892 
1 18 107 171 284 296 607 667 837 1632 
1 2 30 172 244 345 724 760 988 
16 22 35 313 394 563 696 882 1138 
1 101 110 114 135 140 214 603 715 
7 29 48 92 159 268 342 434 803 
6 18 45 124 329 510 637 925 1066 
1 28 55 268 287 386 484 488 505 1958 
4 8 11 66 267 322 792 855 1094 
2 3 6 7 208 266 552 582 1193 
1 16 103 584 922 992 1063 1070 1099 
1 21 33 275 349 460 516 843 948 
38 138 211 305 330 342 418 492 748 978 
19 28 48 88 393 510 645 701 967 
2 17 50 151 304 375 465 805 904 
2 8 35 43 100 364 564 831 983 
2 182 311 333 514 653 917 941 1056 
3 91 109 157 231 308 781 870 923 
18 84 98 277 415 625 744 975 1141 1807 
7 80 98 200 219 518 610 661 878 1060 1936 
1 17 27 165 488 496 868 1091 
1 26 51 97 217 293 667 698 867 
23 138 252 385 439 505 570 684 759 781 
1 386 515 643 717 746 926 979 1586 
11 29 85 143 204 662 670 1108 
3 5 134 145 278 293 439 486 520 
1 2 168 171 368 472 807 887 890 
3 92 94 96 183 269 302 335 716 
27 191 206 281 557 803 965 1034 1160 1572 
3 5 13 359 475 480 495 608 1074 
66 141 161 218 261 479 582 1002 1005 
1 21 75 92 179 644 652 886 1076 
19 33 78 144 274 307 438 525 603 738 
2 119 125 549 871 941 1053 1070 1148 
6 82 148 595 644 935 975 978 1005 
15 257 269 386 438 489 579 847 951 
2 93 184 209 269 273 589 1020 1060 
1 3 16 38 92 215 418 701 859 1500 
1 174 214 245 328 540 588 675 735 
13 46 92 93 178 323 617 650 1132 
3 54 140 319 423 573 747 763 1134 1971 2002 
2 27 80 283 625 677 975 1189 1348 
36 126 178 260 397 424 715 749 1125 
33 62 92 112 199 520 690 893 895 1587 
1 2 61 108 344 600 658 719 873 
21 28 118 143 265 296 784 1008 1187 
16 197 487 520 662 840 917 1163 1175 
17 30 52 55 94 211 559 641 669 1816 
1 38 72 414 457 719 879 1200 2047 
12 34 35 395 750 877 930 1011 1189 
40 128 136 153 211 227 338 520 694 1471 
4 56 86 93 114 150 338 467 620 1553 
99 167 202 289 513 662 890 1020 1080 
1 18 32 106 405 648 779 988 1013 
1 60 138 234 247 558 757 1062 1064 
8 41 92 182 715 905 994 1154 1189 1767 
6 31 40 55 124 247 781 881 1143 
1 11 32 277 410 941 1003 1162 1245 
6 21 92 159 480 656 664 694 1084 1636 1665 
6 19 63 82 161 293 329 1065 1179 1850 
12 43 50 69 112 220 237 288 1024 
16 63 83 153 239 531 632 943 1052 1576 
3 11 53 82 97 269 301 477 764 
2 64 97 174 366 810 878 923 1158 
6 34 190 382 478 578 783 1208 1214 
23 39 189 473 476 743 870 1092 1179 1237 
12 15 28 255 259 366 462 512 686 1359 
35 174 286 390 788 810 936 1111 1149 1243 
11 21 32 456 517 585 672 777 1225 
49 284 294 333 465 479 895 929 1207 
67 199 304 426 547 1044 1116 1159 1215 
2 26 81 239 264 625 676 772 975 
3 33 51 97 269 300 344 545 552 679 
21 23 69 71 105 329 472 1067 1214 1436 
21 29 44 162 359 433 442 456 
7 11 18 58 197 278 349 920 1100 
5 49 134 153 332 563 754 1124 1267 1393 
22 48 192 238 260 269 383 600 782 
14 89 342 429 566 690 732 828 1003 
3 207 253 348 350 461 481 621 742 1264 
219 331 369 441 502 788 897 925 1213 
29 37 109 239 242 304 316 317 357 1574 
2 127 137 240 277 341 379 806 1033 1271 
11 18 58 65 85 320 451 485 518 
165 175 178 510 556 635 749 1109 1211 
15 18 60 84 109 116 250 600 1119 
11 159 298 331 428 584 623 709 1044 1651 2037 
3 319 469 596 636 1054 1155 1222 1267 
7 18 24 92 273 318 349 720 972 
1 39 237 552 912 984 992 1236 
2 6 77 175 278 396 621 997 1185 1518 
2 28 153 226 339 525 768 840 1233 
3 22 27 112 294 317 377 975 1227 
34 225 249 340 458 1073 1126 1234 1255 
1 2 41 197 256 762 960 1223 
62 152 316 363 742 816 870 1020 1176 1228 
6 7 67 222 656 728 857 876 1235 
1 27 191 294 304 681 913 976 1087 1340 
2 89 142 150 182 329 372 502 549 
6 99 141 207 367 434 478 772 1266 
70 267 357 457 492 564 793 867 1241 
3 24 144 168 422 669 778 1052 1084 1740 
2 16 62 63 248 433 512 687 853 1952 
83 135 145 174 393 405 807 1007 1099 
1 3 108 272 562 571 800 1028 1287 1312 
41 88 227 250 375 405 520 534 705 
20 61 107 196 219 274 979 1075 1232 
3 15 41 53 114 179 331 1132 
7 33 60 187 220 520 622 741 1202 1364 1475 1906 
6 8 33 150 194 498 506 785 1104 
135 156 169 354 390 559 690 830 891 
1 18 79 174 316 358 407 473 605 1803 
6 8 10 93 411 414 574 1193 1299 
1 19 24 102 123 144 638 1286 1875 
1 71 130 247 283 484 503 843 1230 1830 
112 132 218 347 475 886 1012 1095 1250 1887 
1 18 29 73 295 333 397 786 1150 
44 95 96 114 154 457 879 1012 1133 
1 25 150 211 287 363 461 662 1010 
2 11 13 17 333 336 662 762 938 1352 
1 9 36 61 171 440 647 1073 1208 
11 61 381 405 435 462 465 907 1114 
1 24 72 137 224 480 498 912 995 1766 
2 224 253 677 747 951 1134 1273 1303 
23 48 52 457 575 731 816 1062 1190 1227 1484 1939 
1 3 62 69 81 301 406 564 
36 75 311 635 672 772 788 835 1220 1750 
17 18 43 108 420 535 740 959 1039 1178 
3 20 31 87 110 206 277 539 1073 
25 67 81 87 200 562 570 707 1024 2019 
8 18 65 137 155 185 262 717 1749 
2 202 405 505 625 831 1095 1103 1228 
154 249 254 457 461 751 955 1027 1319 
20 60 127 205 566 694 1028 1277 
6 8 45 46 84 135 449 579 1032 1034 1697 
1 17 175 578 858 983 1053 1204 1291 1943 
11 17 65 244 471 481 572 1156 1239 1965 
161 460 544 596 612 672 736 899 1172 1384 
7 47 54 83 248 564 957 1041 1114 
1 2 134 213 385 614 615 693 827 
88 92 183 207 268 846 1003 1018 1059 1735 
19 83 195 212 281 327 433 711 996 
2 120 313 396 517 539 600 815 1176 2010 
45 54 82 104 144 443 485 729 1091 
8 54 215 682 724 822 860 1217 1301 
12 54 289 347 404 973 1140 1141 1301 
19 104 120 357 622 867 900 1045 1097 
1 77 428 444 561 845 1138 1198 1205 
1 38 50 360 363 488 491 528 541 
1 2 67 433 439 863 1036 
1 9 112 241 291 340 400 598 1104 
1 32 68 119 270 793 1081 1141 1150 
3 7 9 10 15 20 80 193 453 
1 12 14 77 515 527 754 946 1272 1438 
1 2 64 74 84 161 709 800 1114 
1 3 25 66 78 240 286 639 1147 1850 
1 43 45 63 164 184 443 543 579 
2 9 97 155 167 407 520 630 669 
6 8 29 32 45 92 126 1134 1179 1282 
8 123 141 148 365 513 852 1336 1397 
2 5 27 108 308 472 492 511 
1 7 15 157 273 475 768 865 1141 
77 110 232 445 512 746 789 877 1030 
8 15 57 71 150 155 462 481 1029 
3 16 26 46 59 166 178 346 813 
1 150 157 626 781 846 910 1220 1314 
218 294 387 428 533 740 743 1018 1114 
63 361 597 638 687 737 742 868 1293 1492 
8 80 146 150 183 193 866 920 1055 
33 83 304 306 467 1045 1109 1114 1314 
1 38 53 141 551 622 766 1132 1248 
6 9 11 22 108 409 480 975 1274 1895 
3 12 16 21 159 232 367 820 1048 
3 6 43 78 117 225 531 761 1363 
26 118 128 138 272 383 543 564 917 
49 85 198 461 490 601 725 734 1256 
42 88 143 242 249 523 718 768 1059 1873 
6 207 422 508 753 939 1063 1246 1293 
92 276 281 422 473 703 908 1048 1361 2001 
28 102 130 189 459 602 756 1231 1338 
73 147 238 371 412 523 700 1012 1062 1387 
197 290 347 552 754 863 866 1211 1243 1946 
1 9 31 87 108 114 115 190 1229 1832 
18 23 71 86 148 289 538 1075 
56 69 99 105 143 173 470 858 1316 
73 168 193 227 306 863 1085 1189 1219 1265 
9 91 286 405 562 648 665 978 1204 
3 4 40 54 75 127 348 592 1324 
26 61 63 371 418 737 1033 1104 1179 1849 
19 38 75 92 378 514 846 856 1186 
108 111 124 298 508 510 849 1100 1367 
1 2 26 52 383 440 740 900 1925 
25 78 111 458 572 577 815 938 1008 1931 2016 
16 18 19 31 414 588 768 1010 1141 1524 2023 
2 11 158 436 536 974 1263 1353 
1 365 433 514 540 768 810 817 1176 
7 148 189 242 377 570 944 968 1252 
1 16 30 300 312 601 826 995 1135 
16 71 98 472 705 1073 1127 1349 1380 1832 
11 19 26 213 233 443 655 885 1269 
71 113 130 239 253 887 1098 1220 1302 
33 78 312 562 904 912 1036 1083 1371 1877 1915 
2 65 138 155 192 280 1105 1241 1331 
13 15 121 187 682 747 785 878 899 
1 2 97 157 184 264 435 647 735 1676 1978 
20 120 126 143 196 468 709 1041 1166 
8 69 168 196 205 802 896 1181 1321 
1 230 552 642 709 772 846 1110 1363 
30 63 119 157 178 186 498 779 1119 
49 134 191 227 387 862 1220 1308 1365 
5 100 104 151 265 418 1146 1149 1195 1459 
1 2 11 32 61 181 839 1087 1274 1438 1477 
306 366 503 661 1136 1313 1326 1346 1357 1578 
12 106 227 279 315 397 579 849 1127 1516 
6 144 308 357 412 432 472 982 1287 1485 
1 225 467 551 594 711 828 1064 1711 2015 
2 23 51 63 135 758 1304 1329 1352 1815 
33 66 98 122 128 641 1133 1243 1355 
12 49 135 290 300 316 834 835 1253 1403 
7 41 63 123 447 449 580 594 953 1128 
1 2 32 175 256 310 781 1258 
162 184 400 587 768 771 1010 1305 1369 
1 10 16 80 340 414 467 539 799 
71 84 90 147 150 179 227 369 635 1868 
3 23 63 329 351 389 401 539 1379 1818 
30 99 139 143 351 566 936 1157 1353 1769 1916 
17 82 108 114 273 306 810 1207 1250 
2 3 25 77 385 468 509 655 1291 1734 
2 6 10 122 338 404 846 1028 1318 
14 25 33 176 258 261 777 1219 1227 
97 199 240 247 332 381 576 590 885 
66 262 360 484 585 591 1201 1243 1346 1363 
2 8 43 71 119 165 270 497 737 
1 2 49 102 346 713 983 1181 1220 
41 93 197 471 577 597 902 1169 1180 
3 12 99 324 494 501 594 954 1268 
2 49 73 255 485 507 907 931 1074 1159 
25 60 111 265 476 671 866 1031 1285 
2 8 88 97 136 326 472 1079 1342 1637 
5 42 113 125 249 283 466 882 1045 
1 3 143 279 307 649 1187 1248 1298 
9 54 79 167 253 303 308 366 990 1434 1474 
6 86 190 290 441 449 457 475 603 1818 
12 33 64 112 366 441 491 1217 1404 
61 67 128 214 221 279 803 812 816 
1 7 10 178 197 202 401 579 1021 
16 53 86 422 530 578 681 1016 1264 
29 41 45 93 180 376 1011 1066 1121 1912 
75 104 124 326 493 523 646 671 1404 
2 23 29 240 398 905 1012 1234 1263 
2 8 12 106 185 351 467 695 705 1454 
2 197 283 383 655 804 833 926 1364 1373 
57 165 273 356 448 885 919 1118 1391 
43 51 62 145 148 189 246 269 1334 
1 2 49 113 152 368 552 938 1619 
3 23 310 351 565 989 1311 1413 1836 
11 19 65 88 526 810 877 952 1084 
41 58 90 157 164 571 761 948 1335 
13 49 355 381 534 545 554 917 1360 
2 6 103 342 365 536 672 742 
3 39 118 242 273 526 565 1062 1244 
41 100 226 269 340 383 428 448 987 1576 
1 320 395 453 635 658 1109 1401 1442 
32 105 259 321 577 607 832 976 1212 
1 8 54 57 188 311 376 762 
1 81 308 431 472 582 881 1141 1224 
13 38 54 352 860 876 1022 1169 1392 1432 
1 93 94 98 183 422 1252 1278 1405 
128 212 248 321 341 355 456 821 1247 
1 26 207 355 359 386 747 1308 1434 
2 64 88 521 539 1129 1250 1254 1442 
103 193 248 422 608 786 1148 1180 1429 1901 
45 93 317 375 501 630 740 973 1360 
3 71 100 194 224 388 616 676 1208 
19 89 128 140 149 544 691 817 980 
1 434 795 822 850 866 900 1119 1438 1609 
1 15 54 55 185 207 224 365 1026 
17 130 135 247 354 397 593 1005 1429 2017 
1 28 41 82 91 298 515 690 1425 1555 
2 17 97 508 532 639 1287 1370 1429 
1 2 11 92 393 654 746 815 1715 
92 365 604 692 693 825 1122 1445 1466 1484 1811 
33 120 125 127 365 430 431 752 1125 
10 66 77 163 741 799 1050 1186 1258 
49 50 131 153 331 695 729 809 1457 
129 171 582 603 800 874 998 1005 1097 
27 42 185 196 346 390 473 669 941 
31 204 213 376 381 401 516 1332 1371 1725 
17 25 30 105 137 319 452 693 1243 
1 24 69 180 415 451 601 1061 1110 1967 
22 40 55 110 115 124 480 737 1051 1966 
7 13 15 24 128 144 219 256 1445 
1 35 87 472 681 983 1055 1311 1351 1568 1763 
16 29 172 262 362 401 404 584 1298 
35 97 100 514 611 621 704 1057 1276 1372 
35 47 64 164 176 215 421 439 947 
61 67 82 193 198 276 646 1238 1258 
2 36 93 123 159 469 588 690 789 
46 179 307 625 662 693 933 1044 1277 
55 81 102 305 763 766 973 1013 1086 1888 
25 75 177 239 329 515 554 910 993 
93 101 138 550 598 642 786 1262 
29 120 434 586 685 798 833 889 972 1688 1718 
2 19 31 57 508 609 718 918 1416 
9 47 85 111 409 443 633 716 1017 
1 2 138 143 151 407 915 1342 1496 
1 23 74 238 830 840 873 1012 
20 41 57 64 187 379 685 1301 1455 
18 138 200 282 650 870 976 1171 1381 
10 29 77 171 310 716 782 845 910 
2 21 69 237 242 822 938 1058 1274 
8 99 142 411 753 945 1068 1104 1279 1327 1619 
69 72 100 194 415 816 901 1088 1226 1417 
2 76 139 147 200 641 868 1073 1283 1888 
149 225 248 304 317 395 853 866 895 
11 46 161 330 338 377 633 777 923 1715 
16 43 113 240 673 674 805 1132 1229 
282 285 293 698 706 854 1017 1046 1255 
70 89 395 492 525 598 777 1089 1351 
25 64 162 216 225 549 613 937 1304 
190 367 380 461 511 549 678 1382 1441 1662 
211 230 308 343 1195 1207 1291 1350 1413 
45 54 159 265 300 344 373 504 1177 
11 35 241 330 503 541 737 756 1092 
6 111 276 510 563 628 1098 1293 1370 
11 40 61 173 285 516 691 972 976 
26 194 197 503 940 964 1089 1097 1482 1546 
6 16 27 236 270 513 521 785 968 
2 17 75 104 112 248 671 758 1255 
16 20 284 574 697 772 890 1410 1421 
15 17 37 47 85 623 953 1265 1275 
45 64 132 182 203 357 582 871 1327 
15 24 167 188 645 839 1212 1308 1455 
13 129 146 178 200 348 701 814 1003 
15 18 19 42 97 201 213 245 308 
4 16 127 310 358 662 751 754 1191 
82 85 207 211 360 377 552 1304 1523 
29 88 127 193 526 650 701 1407 
6 70 394 446 867 1069 1181 1212 1355 
21 165 170 233 503 831 861 1066 1369 1614 
1 54 69 100 119 376 559 724 728 
2 20 47 395 641 668 919 1147 1532 1794 1910 
34 40 118 286 413 437 635 1033 1132 
30 65 122 123 165 176 581 953 1423 
1 67 84 205 281 525 856 934 1104 
1 2 46 54 77 235 333 336 662 
103 104 123 150 323 543 1005 1201 1271 
32 256 301 350 367 440 452 567 1463 
213 265 360 645 765 1151 1286 1424 1468 1853 2004 
7 97 469 543 638 737 804 983 1043 
1 6 140 143 238 294 340 459 1342 1869 
56 88 97 144 211 339 509 589 1530 
3 4 66 157 164 621 676 864 1299 
1 11 157 167 208 437 527 600 1334 
21 100 172 249 369 1181 1306 1464 
10 47 88 157 262 607 1047 1240 
371 534 578 630 793 852 973 1069 1079 1415 
25 93 192 327 392 985 1110 1176 1322 
1 2 86 197 476 563 757 1110 1350 1992 
3 72 167 285 823 930 1156 1171 1490 
1 3 46 69 120 504 662 670 850 
6 93 138 142 182 334 846 849 989 1840 1893 
25 141 143 218 341 502 672 1155 1351 1991 
1 2 63 171 188 766 1246 1422 1573 
8 9 60 65 127 279 525 733 1547 
29 209 259 283 310 454 560 1114 1191 
115 152 508 536 677 682 1134 1314 1322 2048 
2 60 164 233 272 471 483 535 1053 
1 4 16 289 302 662 989 
72 253 298 432 529 692 772 775 1029 
36 138 147 160 478 724 731 1160 1169 1743 
1 127 208 375 430 467 519 586 1290 
1 212 387 434 491 672 724 1431 1515 
12 235 256 392 950 1220 1474 1516 1560 
1 5 24 45 82 289 658 959 1115 
2 46 82 463 538 680 833 1290 1366 1842 
1 2 57 148 204 686 1021 1284 1317 1865 
70 72 83 158 504 668 729 788 1018 
6 13 455 559 912 921 1044 1056 1139 
4 17 19 30 419 462 491 725 1298 1704 
1 16 58 413 538 539 656 1395 1553 
18 25 40 175 612 640 1010 1067 1210 1782 
2 6 71 317 342 365 389 502 1064 1916 1961 
1 21 22 119 189 453 600 629 686 1206 
22 138 143 828 871 970 998 1171 1183 
3 13 21 57 104 188 652 772 956 
132 167 519 670 1039 1061 1198 1385 1479 
1 12 54 233 273 554 678 967 1155 
3 5 6 15 320 540 717 736 1565 
3 204 342 417 511 526 858 1209 1273 
2 3 208 510 804 957 1386 1475 1536 
16 70 84 103 137 804 981 991 1069 1599 
22 143 447 549 634 816 1061 1345 1498 
2 32 151 603 671 812 879 1168 1538 
1 8 34 76 406 512 998 1132 1319 
3 4 15 166 273 530 947 1412 1418 1968 
89 100 147 374 427 908 999 1071 1297 2031 
12 66 175 354 763 775 985 1371 1419 1441 
311 439 613 632 649 708 827 868 1377 2029 
155 286 314 864 870 1198 1313 1360 1576 
1 3 8 129 750 763 1292 1293 1423 
11 117 211 238 594 613 1064 1328 1370 
1 116 246 313 398 420 537 934 1017 
78 106 119 226 329 439 763 1087 1594 
13 30 201 552 787 870 893 1244 1274 
17 153 369 395 588 667 769 1183 1260 1865 1953 
21 98 185 189 470 620 764 792 1010 1479 1698 
72 96 192 225 262 454 517 1253 1423 
37 184 471 497 525 526 628 1038 1154 
2 19 182 189 311 500 784 1020 1258 
2 18 265 376 396 637 790 1085 1470 
19 28 97 271 823 969 1368 1502 
1 4 111 173 226 602 1026 1322 1455 
16 78 148 320 457 690 794 1095 1538 1681 1991 
13 120 155 549 925 1142 1206 1343 1520 2009 
2 70 94 248 284 566 694 775 1021 1505 
1 18 46 75 82 109 139 332 
1 41 141 183 197 259 507 897 1262 1855 
167 530 847 1109 1316 1317 1375 1463 1503 
1 3 19 23 50 316 926 970 
1 2 6 539 741 930 1090 1199 1239 1739 
1 4 281 296 492 770 930 1149 1192 1590 
2 9 277 347 630 1184 1278 1499 
1 13 71 765 1030 1093 1150 1219 1405 
14 164 277 438 443 647 788 1362 1433 1923 2002 
2 54 118 438 538 543 600 795 953 
25 534 559 595 699 888 1099 1392 1396 1427 
1 10 114 265 495 527 562 627 698 
16 23 179 277 347 388 882 1292 1301 
56 167 721 938 1029 1092 1155 1229 1317 
16 21 51 70 201 297 398 446 788 
62 181 329 621 643 685 859 907 1043 1398 
1 6 13 88 164 320 788 922 1489 1773 
19 48 131 263 401 421 665 1082 1313 1438 1945 
2 4 21 242 291 475 562 712 1564 
123 451 614 831 836 927 1126 1437 1505 1597 2020 
25 64 188 492 730 758 1056 1179 1296 1652 
9 18 93 214 686 822 932 1175 
1 73 189 227 457 500 747 886 1246 
7 17 28 56 89 97 650 828 918 1868 
22 23 626 639 726 955 1141 1265 1350 
3 69 124 345 380 576 747 959 1407 
1 86 223 236 477 659 883 993 1131 
13 100 267 366 733 933 985 1205 1278 
191 619 751 858 921 976 1340 1394 1576 
87 120 151 172 193 310 380 522 628 
45 169 209 495 533 689 829 855 1132 
39 40 97 351 381 645 816 957 1002 
22 206 296 430 467 519 858 1215 1301 
26 29 48 120 544 668 913 1179 1484 
27 240 425 465 505 732 783 1064 1110 
103 177 259 391 690 726 805 1143 1487 1518 1998 
111 199 214 306 531 563 998 1009 1021 
22 40 96 617 920 1016 1354 1549 1579 
195 361 438 924 1104 1305 1434 1462 1486 
1 6 216 219 293 455 469 966 1235 
7 24 96 174 349 439 555 871 1152 
3 57 108 120 218 225 813 1223 1308 1846 
28 50 168 210 385 658 881 1230 1298 1427 
69 77 144 572 628 792 910 1133 1462 1609 
104 190 217 342 540 659 788 1141 1500 
3 45 286 360 380 571 709 924 1169 
1 54 153 488 577 697 1073 1216 1343 
1 20 46 99 215 527 1153 1542 1547 
90 209 241 294 518 603 675 935 1373 1994 
1 12 116 167 315 603 859 1098 1226 1479 1553 
2 86 184 188 352 466 477 664 896 1237 
1 41 199 405 538 792 949 1451 1452 1566 
17 25 52 97 193 974 1071 1250 1528 
16 43 84 329 387 665 801 811 939 
48 56 254 349 867 1314 1342 1637 1987 
147 173 311 784 803 1245 1266 1287 1371 2003 
106 115 171 395 748 872 947 976 1216 1812 
15 18 485 525 1050 1183 1271 1307 1549 1613 
1 7 96 145 152 191 717 1020 
1 3 10 46 74 90 115 944 1444 1853 
31 44 109 316 577 697 711 847 861 1994 
2 9 82 103 179 232 544 589 1653 
64 144 286 439 537 561 654 776 950 
40 68 91 278 390 710 980 1343 1571 
1 273 378 600 607 934 960 1064 1239 1695 
29 134 316 625 771 915 948 1502 1557 
6 76 172 180 193 433 505 578 1007 1500 
1 3 11 27 55 577 1169 1310 1547 
45 71 72 127 319 396 505 699 854 1735 2048 
9 28 256 316 390 491 529 814 1342 1383 
3 85 150 224 291 297 322 1251 1556 
1 35 123 197 369 405 954 1271 1598 
63 189 215 383 581 736 867 942 1648 
70 244 382 601 940 1398 1430 1469 1573 
198 238 441 785 942 1193 1241 1394 1625 
109 124 250 1129 1137 1329 1561 1625 1673 
9 104 109 189 616 705 1067 1343 1642 
104 505 549 600 766 784 1007 1264 1431 
142 320 354 470 701 869 979 1186 1516 1611 
2 11 80 183 300 894 1138 1276 
107 112 144 305 443 786 1241 1590 1601 
73 207 408 514 519 569 573 1313 1442 
2 33 127 332 405 530 580 1124 
1 40 46 552 572 608 823 1417 1499 1630 1661 
1 2 162 395 486 670 933 1212 1647 
39 53 137 191 195 498 562 967 1165 
45 73 248 455 754 1012 1219 1289 1347 1531 1696 
13 30 62 81 249 440 471 1160 1558 
2 153 156 182 344 421 622 757 1190 1820 2029 
1 16 39 184 200 273 382 539 816 
2 31 279 395 600 807 915 1110 1217 
17 97 104 298 406 625 902 1355 1617 
17 43 140 747 885 1522 1671 
2 55 150 165 197 376 463 1027 1594 
36 40 58 189 342 512 570 640 1484 1569 
2 118 169 310 465 467 893 1493 1556 
61 80 112 180 458 861 902 917 1144 
13 60 67 222 722 940 1303 1453 1488 1615 
2 327 424 510 539 892 913 1177 1960 
103 473 608 622 790 802 905 1295 1304 
1 88 117 143 384 926 998 1106 1450 
2 25 63 293 311 401 719 1179 1665 
197 356 477 670 836 857 1013 1195 1684 
137 377 410 440 493 789 963 1129 1182 
84 167 209 311 421 675 807 1181 1622 
9 11 40 69 233 369 986 1302 1349 1503 
52 54 255 419 596 870 936 1455 1588 
4 36 436 682 719 836 955 1051 1663 
179 240 260 489 509 557 790 991 1698 
9 341 367 438 493 579 703 1410 1524 
4 91 157 235 263 465 603 766 1691 
54 61 178 377 466 551 1185 1245 1716 1966 
12 102 105 268 317 467 685 796 
1 54 135 432 535 546 849 1053 1183 1978 
116 118 124 186 362 941 979 1167 1429 
1 3 25 56 218 324 408 756 1243 
54 409 598 704 762 847 994 1562 1689 2029 
2 15 116 126 153 259 455 463 781 
2 11 141 249 348 762 846 1236 1588 1701 
3 118 148 153 321 381 573 1190 1293 1950 
6 94 254 314 451 847 953 1143 1694 1865 
18 62 74 77 108 339 809 1320 1572 1710 
1 47 429 640 800 935 1145 1320 1355 
47 49 171 275 288 677 938 948 1029 1762 
12 116 333 378 490 741 866 1027 1162 
1 102 491 1334 1403 1446 1452 1498 1584 
14 60 118 125 196 983 1017 1230 1455 
157 316 385 405 594 696 958 1035 1191 
3 8 77 233 251 608 621 1382 1685 
1 18 56 269 276 288 1175 1437 1461 1533 
37 63 211 343 502 857 1312 1317 1322 
153 155 365 425 441 814 1135 1220 1570 
17 134 218 268 319 345 482 637 641 
18 75 109 225 249 278 422 763 1161 
3 8 84 622 997 1044 1055 1682 2012 
75 208 224 432 471 615 790 1017 1355 1902 2031 
3 21 30 64 72 97 211 283 1332 
167 181 182 201 673 735 785 787 1274 
16 67 84 151 328 525 687 781 1106 
12 32 323 395 529 985 1124 1219 1514 
1 17 23 109 157 714 1045 1077 1435 
1 216 322 327 395 668 715 846 1107 
2 36 69 288 505 552 1004 1124 1428 
39 62 171 236 295 352 1025 1094 1564 
13 54 59 121 644 677 1003 1060 1630 
2 11 25 628 960 962 996 1183 1242 
54 343 421 1141 1438 1477 1530 1688 1689 
2 8 31 35 54 138 1105 1204 1693 
6 56 80 504 791 965 1163 1551 1613 
2 3 333 334 436 493 657 697 1018 
29 113 267 407 819 1508 1527 1723 
171 265 326 447 538 722 825 1509 1758 
2 8 169 234 332 412 1188 1537 1597 
2 12 59 60 215 522 628 1063 1758 
3 9 18 65 102 162 240 853 1137 1344 1365 
2 9 22 123 646 661 869 923 1253 
8 192 239 254 451 639 640 927 1223 1573 
263 534 1011 1025 1238 1272 1473 1577 1615 
1 12 25 45 1020 1062 1406 1599 1602 
7 206 438 480 659 774 1063 1523 1586 
10 59 75 174 610 841 900 1399 1634 
23 36 106 117 523 589 623 909 1339 1669 
1 25 114 256 567 810 835 1069 1520 1780 
1 47 54 82 214 301 401 432 1131 
14 96 241 506 520 535 732 1273 1460 2008 
15 25 97 263 348 873 977 979 1652 
2 31 156 193 224 327 851 989 1432 1967 
80 88 182 204 881 972 1036 1502 1642 
3 37 114 120 239 255 1080 1224 1483 1578 
60 133 146 167 180 446 1173 1219 1770 
37 67 77 267 317 462 494 1200 1224 
1 46 169 294 548 622 652 1195 1410 1846 1865 
39 70 95 100 157 320 430 914 1031 1850 1888 
29 54 87 231 603 615 819 1489 1592 1796 
38 243 307 411 417 512 679 719 784 1662 
1 3 37 90 170 310 540 1589 1625 
29 30 273 306 366 944 1571 1670 1701 
35 54 57 143 484 641 1235 1281 1480 
6 86 116 174 216 262 332 564 1659 1721 1789 
8 11 18 26 98 464 480 819 1109 
9 177 227 327 510 739 878 1323 1752 
75 180 246 457 568 870 945 1179 1360 1749 
1 10 17 258 378 886 1504 1538 1661 
27 47 294 433 574 983 1021 1339 1606 
8 28 668 672 806 956 1237 1429 1764 
1 69 91 143 494 627 655 1396 1758 1797 1960 
49 85 650 673 1209 1374 1467 1519 1592 1654 
75 114 155 157 213 447 595 624 1716 
1 2 8 129 463 491 1580 1677 2038 
1 43 350 410 756 875 900 1060 1684 
11 22 47 372 611 728 834 968 1313 1825 
82 109 133 361 456 739 770 854 1625 
1 80 82 174 387 564 630 1153 1218 
1 4 36 70 143 290 419 964 1163 1850 
23 32 134 251 366 441 1169 1178 1339 1976 
1 17 33 79 178 665 971 1200 1708 
68 217 235 261 424 664 1063 1555 1605 
18 28 193 421 671 743 1143 1201 1536 
16 308 687 880 997 1038 1040 1298 1464 1515 
12 63 114 805 933 1261 1338 1609 1642 1645 
19 29 49 231 502 639 697 999 1150 
2 10 17 129 138 205 787 929 1341 
1 18 36 54 618 824 939 976 1790 
31 43 474 586 801 1004 1214 1348 1411 
2 8 16 88 117 776 1044 1082 1135 1206 
7 169 272 299 342 759 941 1065 1673 
16 23 113 165 353 524 1121 1617 1799 
43 292 600 901 1167 1197 1318 1381 1570 
102 196 238 471 562 809 1188 1487 1713 
48 200 310 663 1019 1174 1274 1497 1590 1812 
23 29 48 89 134 456 953 1460 1554 1734 1746 
9 19 21 106 409 490 1087 1520 1523 
6 66 280 510 635 987 1334 1427 1635 
3 64 68 407 460 1040 1338 1446 1625 
29 80 363 386 555 1139 1388 1453 1549 1624 
2 39 136 279 350 608 638 808 1339 
18 63 77 177 293 626 927 1045 1458 
3 156 209 350 643 675 1357 1473 1539 
81 84 103 183 217 225 313 819 1426 1539 1623 
1 12 135 153 1060 1255 1449 1505 1692 1788 
44 61 159 185 550 576 759 836 1107 
1 18 82 762 949 979 1245 1325 1623 1627 
1 10 24 169 1016 1397 1402 1657 
11 78 126 338 478 514 858 1428 1629 
7 31 88 152 326 523 540 565 1804 
41 102 205 303 350 395 463 697 975 
1 212 311 441 560 603 1133 1538 1589 
20 97 110 562 605 859 879 883 1446 
76 124 170 290 332 451 488 785 1573 
11 14 28 166 200 502 610 1124 1576 1662 
12 25 111 207 355 420 496 1419 1531 1605 1985 
6 11 54 60 83 413 788 1138 1259 
3 8 18 86 358 671 1157 1346 1664 
16 18 36 41 89 238 286 462 563 
12 45 336 361 419 685 870 979 1505 1706 1912 
481 679 800 932 1119 1190 1248 1318 1729 
1 135 165 308 371 779 811 1212 1488 
1 8 134 516 662 986 1462 1493 1707 1802 
5 207 294 1108 1235 1277 1587 1588 1605 
8 204 340 534 688 1039 1114 1198 1554 1608 1713 1919 2004 
12 42 588 651 670 785 798 845 1632 1767 
6 25 191 258 748 832 862 1166 1752 
17 23 52 104 195 263 384 449 1188 1855 
16 174 259 472 540 619 1085 1205 1345 
20 32 114 148 166 458 624 994 1124 
23 28 54 122 260 460 643 793 858 1850 
7 418 468 582 1088 1437 1498 1593 1726 
141 166 199 207 316 727 946 1467 1485 1710 
9 39 144 166 224 602 646 1053 1207 1328 
1 2 182 314 401 404 710 1057 1238 
2 30 70 92 148 155 1441 1454 1519 1818 
33 63 87 159 313 355 362 992 1672 
1 11 25 40 244 291 493 671 
76 87 238 273 442 899 1198 1247 1412 
1 10 21 122 273 734 991 1678 1768 
1 255 397 513 580 788 987 1071 1755 
80 106 141 172 376 440 754 1163 1457 
16 23 36 178 358 693 705 1045 1065 
4 31 39 141 516 528 807 1062 1067 1482 
6 16 42 121 309 367 484 1260 1632 
6 8 46 64 179 1196 1361 1398 1511 1796 
240 330 651 787 1071 1289 1342 1519 1778 
73 268 287 380 502 556 583 935 1151 
3 15 55 110 201 244 329 1099 1217 1696 
18 81 192 227 277 853 956 1110 1223 1535 
31 37 290 356 497 729 978 1356 1540 
7 11 454 554 628 770 779 914 1017 
9 25 149 225 420 1560 1703 1732 1781 
1 5 32 352 368 1018 1485 1655 1859 1861 1950 
2 30 175 305 412 645 1045 1275 1327 
101 357 591 645 719 779 786 1736 1776 
14 54 149 184 588 810 857 1066 1094 
3 80 129 176 192 270 749 1610 1855 1888 
14 426 467 716 1000 1051 1434 1584 1613 
36 122 205 354 381 587 884 1218 1367 
35 74 160 590 750 887 933 1185 1637 
2 62 169 184 209 532 545 900 1188 
1 104 150 281 817 1008 1024 1811 1838 
1 120 146 204 361 533 546 1321 1497 
6 32 234 277 326 402 760 1130 1650 1813 
112 366 471 785 1176 1178 1214 1571 1787 
2 33 351 385 510 977 1172 1627 
5 14 288 397 472 1191 1498 1833 1856 
1 9 30 306 317 605 1201 1225 1252 
73 80 180 336 673 831 843 1120 1285 
1 14 18 77 88 150 467 874 1705 1848 
36 100 199 329 355 398 419 539 1739 
109 200 311 343 527 686 793 952 1255 
109 286 415 488 762 871 1019 1494 1873 
1 11 26 59 88 224 367 625 1414 
51 68 69 153 200 410 1315 1457 1746 1899 2017 
14 37 202 503 560 680 1023 1371 1599 2015 
75 107 193 255 320 769 1066 1430 1806 
14 28 51 169 360 403 1129 1436 1823 1864 
2 35 70 406 412 453 679 1529 
59 110 299 518 623 1379 1427 1588 1847 
1 2 157 178 228 841 869 1536 
1 13 21 97 174 467 478 857 869 1601 
38 109 269 273 414 906 996 1401 1552 1720 
73 114 411 415 527 587 1090 1219 1399 2009 
15 16 136 177 269 277 311 1438 1590 
101 293 307 422 731 984 1259 1392 1515 1935 
19 148 240 253 349 688 1060 1165 1483 1969 
1 110 240 312 619 679 731 1319 1489 
84 323 514 542 837 880 940 1197 1679 
9 213 284 376 659 876 1065 1465 1577 1744 1875 
17 71 158 201 419 717 767 1046 1884 
9 38 63 66 136 409 790 791 1514 1721 1929 
106 184 201 329 333 410 473 637 921 
9 18 329 543 625 658 672 967 1799 
5 230 256 284 643 703 920 991 1032 
31 35 162 202 704 978 982 1239 1702 
25 45 289 365 733 994 1066 1235 1357 
37 68 129 428 532 550 626 967 1106 
3 448 548 1083 1407 1438 1563 1694 1761 
93 133 465 530 557 589 619 1436 1872 
50 77 310 460 562 709 1035 1457 1812 
5 16 101 569 876 885 886 1141 
162 381 789 1167 1196 1363 1416 1431 1872 
93 102 155 193 215 263 817 1640 1742 1774 
53 109 111 177 305 334 543 1617 1678 
2 8 42 109 111 378 1499 1646 1735 2013 
7 44 188 540 612 904 914 1251 1788 1953 
100 243 272 288 406 890 899 1361 1552 
1 112 133 193 262 312 749 1084 1218 
2 42 105 339 737 819 1494 1596 1883 
2 24 151 195 204 969 1272 1662 1753 1821 
219 242 377 565 685 811 968 1060 1483 
8 37 49 420 458 718 761 1251 1375 
19 84 126 183 197 408 416 502 1619 
1 96 191 294 503 964 1345 1508 1628 1808 
84 157 215 234 277 393 1044 1264 1361 
80 120 951 1163 1230 1305 1474 1506 1513 1932 
1 149 312 398 446 469 617 772 1920 
20 110 493 542 665 978 1377 1507 1744 1859 
114 129 394 1188 1368 1450 1475 1840 1893 
1 83 403 784 843 1022 1271 1392 1441 
4 76 78 153 161 297 300 870 1441 
1 11 183 330 459 675 1259 1410 1555 
69 115 281 423 870 883 886 1074 1415 1893 2021 
13 33 62 261 418 419 912 1300 1396 1847 1969 
33 137 320 352 476 594 1371 1508 1723 
2 77 84 137 383 514 1278 1637 1898 
1 60 124 160 736 1124 1453 1890 
1 2 107 273 484 741 749 820 973 
10 208 598 780 1092 1209 1220 1420 1525 
25 35 61 74 188 305 336 1471 1589 
136 421 509 515 762 870 1204 1673 1772 1937 1940 
2 6 15 27 129 484 845 1011 
10 44 137 177 224 367 545 558 1851 
1 20 54 88 198 251 270 285 316 
339 381 467 783 821 947 1288 1760 1813 
21 102 114 221 511 537 1015 1100 1169 1987 2012 
35 72 366 785 808 1184 1361 1371 1610 
23 31 128 217 324 440 492 1271 1404 1880 
10 16 54 128 177 577 1513 1540 1602 
1 112 433 446 453 757 1444 1675 
255 328 479 535 643 647 940 1269 1724 
22 114 172 227 393 397 1373 1649 1859 
2 45 86 164 598 610 903 1428 1728 
3 421 502 593 596 947 1107 1412 1578 
1 18 203 256 287 311 719 1139 1388 
2 3 51 417 702 1093 1129 1249 1499 
3 13 55 339 357 765 1337 1709 1781 1897 
22 25 54 77 111 188 467 843 1615 
1 16 25 51 263 450 1217 1227 1955 
323 426 554 693 798 810 820 1032 1506 1682 1766 
2 59 108 222 646 1117 1301 1460 1616 
3 43 55 97 251 348 1242 1589 
11 36 159 223 452 552 661 767 1831 
1 440 490 681 759 1289 1307 1675 1957 
143 152 447 510 747 834 876 1228 1897 
23 110 144 539 664 962 1211 1364 1810 
15 54 76 129 258 367 597 601 1671 
54 169 174 413 495 886 1228 1643 1783 1948 
1 173 439 585 1044 1349 1746 1948 1949 
42 562 914 1283 1455 1634 1651 1891 1949 1951 1965 
4 35 82 87 234 848 1004 1522 1553 1961 
8 10 71 308 328 349 443 1120 1418 1963 
49 238 643 732 778 1159 1259 1284 1339 
2 3 307 485 975 1178 1227 1280 1409 1468 
94 96 512 550 598 652 788 1092 1326 
82 121 188 262 778 845 1474 1690 1798 
75 110 143 162 346 415 569 772 1692 
1 133 174 328 363 1452 1453 1591 1718 
53 542 611 660 690 854 1489 1700 1958 
23 135 184 401 718 1123 1547 1745 1766 1880 
7 70 192 197 232 742 837 1093 1432 1628 
2 46 148 171 351 559 984 1135 1822 
1 47 117 189 837 981 1036 1176 1421 
37 75 80 158 960 1129 1218 1462 1930 
13 75 90 92 143 420 432 613 1412 1667 
2 3 36 49 332 422 475 1431 1821 
55 290 573 639 716 727 799 853 898 1155 
14 32 56 174 311 636 827 1091 1208 
2 16 17 48 138 483 1043 1125 1584 
1 43 77 487 902 1124 1204 1515 1623 1694 
92 144 149 319 462 590 1581 1640 1690 
6 17 19 71 127 287 961 1630 1990 
2 29 65 123 336 587 837 885 895 
99 111 350 376 397 584 1214 1897 1982 
91 157 214 491 984 991 1275 1632 1811 1848 
12 19 241 287 367 765 1181 1286 1305 1520 
5 11 25 94 150 165 355 563 891 1702 1753 1771 
1 2 17 26 199 218 269 412 855 
1 11 137 138 450 528 1048 1123 1328 
2 23 143 331 612 953 1060 1635 1948 
33 63 75 148 153 376 539 656 1209 
21 67 151 299 449 497 728 1679 1930 
28 104 109 147 486 615 965 1034 1146 1960 
1 225 302 380 518 622 695 1374 1979 
1 3 214 856 1198 1385 1513 1759 1795 1938 
26 54 90 163 669 971 1125 1334 1488 
15 83 312 345 487 954 1105 1324 1582 
1 2 75 220 227 480 533 1355 1921 
54 189 471 561 788 847 1833 1881 1905 
1 31 71 157 344 940 1100 1293 1739 
1 92 150 207 329 375 437 615 896 1820 
144 244 444 589 598 957 965 1068 1674 
23 35 175 194 457 694 1551 1725 1792 
55 258 262 285 323 425 566 957 1701 
13 17 29 150 197 214 263 1003 1140 
2 71 256 363 407 587 974 1154 1354 
9 11 37 84 190 316 934 978 1917 
1 457 515 704 1239 1404 1446 1598 1916 1960 
28 64 89 111 165 374 793 1556 1852 
29 59 165 355 642 791 1188 1621 1872 
9 103 162 283 409 1024 1131 1452 1792 
14 48 63 65 207 1021 1068 1328 1432 
1 158 244 284 404 1053 1115 1657 1737 
1 33 71 445 454 472 681 1556 1835 
3 151 240 774 838 961 1112 1315 1450 
1 114 121 239 301 398 422 543 645 
1 16 351 446 628 656 759 809 1073 1103 
88 92 150 367 485 694 773 1031 1872 
32 457 503 636 713 834 1059 1134 1949 
1 2 253 263 363 598 1063 1131 1606 
244 611 641 786 820 952 1023 1329 1551 
1 2 15 43 109 149 284 503 1124 
18 22 28 87 424 677 724 1308 1667 1781 
1 6 310 318 550 610 1106 1109 1163 1505 
